[[0, 0.0, 0.0, 0.0], [1, 10.0, 0.0, 0.0], [2, 22.0, 0.0, 0.0], [3, 43.0, 0.0, 0.0], [4, 50.0, 0.0, 0.0]]
[[1, [0.0, 0.0, 1.0]]]
[['ElasticTimoshenkoBeam', 0, [0, 1], 0.035199999999999995, 210000000.0, 80769230.769230768, 0.0, 0.077577813333333315, 0.00021397333333333338, 1, 2.7631999999999994, 0.019199999999999998, 0.019199999999999998, [[0.0, 0.0, 1.0], [0.0, -1.0, 0.0], [1.0, 0.0, 0.0]], ['doubleT', 0.40000000000000002, 0.02, 0.40000000000000002, 0.02, 1.0, 0.02, 0.50000000000000011], 1, [0, 237, 40, 255]], ['ElasticTimoshenkoBeam', 1, [1, 2], 0.035199999999999995, 210000000.0, 80769230.769230768, 0.0, 0.077577813333333315, 0.00021397333333333338, 1, 2.7631999999999994, 0.019199999999999998, 0.019199999999999998, [[0.0, 0.0, 1.0], [0.0, -1.0, 0.0], [1.0, 0.0, 0.0]], ['doubleT', 0.40000000000000002, 0.02, 0.40000000000000002, 0.02, 1.0, 0.02, 0.50000000000000011], 1, [0, 237, 40, 255]], ['ElasticTimoshenkoBeam', 2, [2, 3], 0.035199999999999995, 210000000.0, 80769230.769230768, 0.0, 0.077577813333333315, 0.00021397333333333338, 1, 2.7631999999999994, 0.019199999999999998, 0.019199999999999998, [[0.0, 0.0, 1.0], [0.0, -1.0, 0.0], [1.0, 0.0, 0.0]], ['doubleT', 0.40000000000000002, 0.02, 0.40000000000000002, 0.02, 1.0, 0.02, 0.50000000000000011], 1, [0, 237, 40, 255]], ['ElasticTimoshenkoBeam', 3, [3, 4], 0.035199999999999995, 210000000.0, 80769230.769230768, 0.0, 0.077577813333333315, 0.00021397333333333338, 1, 2.7631999999999994, 0.019199999999999998, 0.019199999999999998, [[0.0, 0.0, 1.0], [0.0, -1.0, 0.0], [1.0, 0.0, 0.0]], ['doubleT', 0.40000000000000002, 0.02, 0.40000000000000002, 0.02, 1.0, 0.02, 0.50000000000000011], 1, [0, 237, 40, 255]]]
[[0, 1, 1, 1, 1, 0, 0], [1, 1, 1, 1, 1, 0, 0], [2, 1, 1, 1, 1, 0, 0], [3, 1, 1, 1, 1, 0, 0], [4, 1, 1, 1, 1, 0, 0]]
[]
[]
[[0, [-300.0, 0.0, 0.0], 'beamUniform'], [1, [-300.0, 0.0, 0.0], 'beamUniform'], [2, [-300.0, 0.0, 0.0], 'beamUniform'], [3, [-300.0, 0.0, 0.0], 'beamUniform']]
[['Concrete_uniaxialMaterial_Elastic', [1, [210000000.0, 80769230.769230768, 0.29999999999999999, 78.5, 23.5, 'Elastic']]]]
[]
[]
[]
