[[0, 0.0, 0.0, 0.0], [1, 0.0, 0.0, 6.0]]
[[1, [1.0, 0.0, 0.0]]]
[['ElasticTimoshenkoBeam', 0, [0, 1], 0.0019634954084936209, 210000000.0, 80760000.0, 6.1359231515425657e-07, 3.0679615757712828e-07, 3.0679615757712828e-07, 1, 0.14726215563702155, 0.0017671458676442589, 0.0017671458676442589, [1.0, 0.0, 0.0], ['circular', 0.050000000000000003, 0.025000000000000001], 1, [34, 255, 0, 255]]]
[[0, 1, 1, 1, 1, 1, 1]]
[[1, [0.0, 0.0, 0.0, 0.0, -0.0, 0.0], 'pointLoad']]
[[0, [0.044178646691106466, 0.044178646691106466, 0.044178646691106466, 0, 0, 0]], [1, [0.044178646691106466, 0.044178646691106466, 0.044178646691106466, 0, 0, 0]]]
[[0, [0.0, 0.0, 0.0], 'beamUniform']]
[['S255_uniaxialMaterial_Elastic', [1, [210000000.0, 80760000.0, 0.30014858841010406, '75', '25', 'Elastic']]]]
[]
[]
[]
