model BasicBuilder -ndm 3 -ndf 6

node 1 0.0 0.0 3.0 -mass 0 0 0 0 0 0
node 2 0.75 0.0 3.0 -mass 0 0 0 0 0 0
node 3 1.5 0.0 3.0 -mass 0 0 0 0 0 0
node 4 2.25 0.0 3.0 -mass 0 0 0 0 0 0
node 5 3.0 0.0 3.0 -mass 0 0 0 0 0 0
node 6 3.0 0.75 3.0 -mass 0 0 0 0 0 0
node 7 3.0 1.5 3.0 -mass 0 0 0 0 0 0
node 8 3.0 2.25 3.0 -mass 0 0 0 0 0 0
node 9 3.0 3.0 3.0 -mass 0 0 0 0 0 0
node 10 2.25 3.0 3.0 -mass 0 0 0 0 0 0
node 11 1.5 3.0 3.0 -mass 0 0 0 0 0 0
node 12 0.75 3.0 3.0 -mass 0 0 0 0 0 0
node 13 0.0 3.0 3.0 -mass 0 0 0 0 0 0
node 14 0.0 2.25 3.0 -mass 0 0 0 0 0 0
node 15 0.0 1.5 3.0 -mass 0 0 0 0 0 0
node 16 0.0 0.75 3.0 -mass 0 0 0 0 0 0
node 17 0.0 0.0 6.0 -mass 0 0 0 0 0 0
node 18 0.75 0.0 6.0 -mass 0 0 0 0 0 0
node 19 1.5 0.0 6.0 -mass 0 0 0 0 0 0
node 20 2.25 0.0 6.0 -mass 0 0 0 0 0 0
node 21 3.0 0.0 6.0 -mass 0 0 0 0 0 0
node 22 3.0 0.75 6.0 -mass 0 0 0 0 0 0
node 23 3.0 1.5 6.0 -mass 0 0 0 0 0 0
node 24 3.0 2.25 6.0 -mass 0 0 0 0 0 0
node 25 3.0 3.0 6.0 -mass 0 0 0 0 0 0
node 26 2.25 3.0 6.0 -mass 0 0 0 0 0 0
node 27 1.5 3.0 6.0 -mass 0 0 0 0 0 0
node 28 0.75 3.0 6.0 -mass 0 0 0 0 0 0
node 29 0.0 3.0 6.0 -mass 0 0 0 0 0 0
node 30 0.0 2.25 6.0 -mass 0 0 0 0 0 0
node 31 0.0 1.5 6.0 -mass 0 0 0 0 0 0
node 32 0.0 0.75 6.0 -mass 0 0 0 0 0 0
node 33 0.0 0.0 9.0 -mass 0 0 0 0 0 0
node 34 0.75 0.0 9.0 -mass 0 0 0 0 0 0
node 35 1.5 0.0 9.0 -mass 0 0 0 0 0 0
node 36 2.25 0.0 9.0 -mass 0 0 0 0 0 0
node 37 3.0 0.0 9.0 -mass 0 0 0 0 0 0
node 38 3.0 0.75 9.0 -mass 0 0 0 0 0 0
node 39 3.0 1.5 9.0 -mass 0 0 0 0 0 0
node 40 3.0 2.25 9.0 -mass 0 0 0 0 0 0
node 41 3.0 3.0 9.0 -mass 0 0 0 0 0 0
node 42 2.25 3.0 9.0 -mass 0 0 0 0 0 0
node 43 1.5 3.0 9.0 -mass 0 0 0 0 0 0
node 44 0.75 3.0 9.0 -mass 0 0 0 0 0 0
node 45 0.0 3.0 9.0 -mass 0 0 0 0 0 0
node 46 0.0 2.25 9.0 -mass 0 0 0 0 0 0
node 47 0.0 1.5 9.0 -mass 0 0 0 0 0 0
node 48 0.0 0.75 9.0 -mass 0 0 0 0 0 0
node 49 0.0 0.0 12.0 -mass 0 0 0 0 0 0
node 50 0.75 0.0 12.0 -mass 0 0 0 0 0 0
node 51 1.5 0.0 12.0 -mass 0 0 0 0 0 0
node 52 2.25 0.0 12.0 -mass 0 0 0 0 0 0
node 53 3.0 0.0 12.0 -mass 0 0 0 0 0 0
node 54 3.0 0.75 12.0 -mass 0 0 0 0 0 0
node 55 3.0 1.5 12.0 -mass 0 0 0 0 0 0
node 56 3.0 2.25 12.0 -mass 0 0 0 0 0 0
node 57 3.0 3.0 12.0 -mass 0 0 0 0 0 0
node 58 2.25 3.0 12.0 -mass 0 0 0 0 0 0
node 59 1.5 3.0 12.0 -mass 0 0 0 0 0 0
node 60 0.75 3.0 12.0 -mass 0 0 0 0 0 0
node 61 0.0 3.0 12.0 -mass 0 0 0 0 0 0
node 62 0.0 2.25 12.0 -mass 0 0 0 0 0 0
node 63 0.0 1.5 12.0 -mass 0 0 0 0 0 0
node 64 0.0 0.75 12.0 -mass 0 0 0 0 0 0
node 65 0.0 0.0 0.0 -mass 0 0 0 0 0 0
node 66 0.0 0.0 0.75 -mass 0 0 0 0 0 0
node 67 0.0 0.0 1.5 -mass 0 0 0 0 0 0
node 68 0.0 0.0 2.25 -mass 0 0 0 0 0 0
node 69 0.0 0.0 3.75 -mass 0 0 0 0 0 0
node 70 0.0 0.0 4.5 -mass 0 0 0 0 0 0
node 71 0.0 0.0 5.25 -mass 0 0 0 0 0 0
node 72 0.0 0.0 6.75 -mass 0 0 0 0 0 0
node 73 0.0 0.0 7.5 -mass 0 0 0 0 0 0
node 74 0.0 0.0 8.25 -mass 0 0 0 0 0 0
node 75 0.0 0.0 9.75 -mass 0 0 0 0 0 0
node 76 0.0 0.0 10.5 -mass 0 0 0 0 0 0
node 77 0.0 0.0 11.25 -mass 0 0 0 0 0 0
node 78 3.0 0.0 0.0 -mass 0 0 0 0 0 0
node 79 3.0 0.0 0.75 -mass 0 0 0 0 0 0
node 80 3.0 0.0 1.5 -mass 0 0 0 0 0 0
node 81 3.0 0.0 2.25 -mass 0 0 0 0 0 0
node 82 3.0 0.0 3.75 -mass 0 0 0 0 0 0
node 83 3.0 0.0 4.5 -mass 0 0 0 0 0 0
node 84 3.0 0.0 5.25 -mass 0 0 0 0 0 0
node 85 3.0 0.0 6.75 -mass 0 0 0 0 0 0
node 86 3.0 0.0 7.5 -mass 0 0 0 0 0 0
node 87 3.0 0.0 8.25 -mass 0 0 0 0 0 0
node 88 3.0 0.0 9.75 -mass 0 0 0 0 0 0
node 89 3.0 0.0 10.5 -mass 0 0 0 0 0 0
node 90 3.0 0.0 11.25 -mass 0 0 0 0 0 0
node 91 3.0 3.0 0.0 -mass 0 0 0 0 0 0
node 92 3.0 3.0 0.75 -mass 0 0 0 0 0 0
node 93 3.0 3.0 1.5 -mass 0 0 0 0 0 0
node 94 3.0 3.0 2.25 -mass 0 0 0 0 0 0
node 95 3.0 3.0 3.75 -mass 0 0 0 0 0 0
node 96 3.0 3.0 4.5 -mass 0 0 0 0 0 0
node 97 3.0 3.0 5.25 -mass 0 0 0 0 0 0
node 98 3.0 3.0 6.75 -mass 0 0 0 0 0 0
node 99 3.0 3.0 7.5 -mass 0 0 0 0 0 0
node 100 3.0 3.0 8.25 -mass 0 0 0 0 0 0
node 101 3.0 3.0 9.75 -mass 0 0 0 0 0 0
node 102 3.0 3.0 10.5 -mass 0 0 0 0 0 0
node 103 3.0 3.0 11.25 -mass 0 0 0 0 0 0
node 104 0.0 3.0 0.0 -mass 0 0 0 0 0 0
node 105 0.0 3.0 0.75 -mass 0 0 0 0 0 0
node 106 0.0 3.0 1.5 -mass 0 0 0 0 0 0
node 107 0.0 3.0 2.25 -mass 0 0 0 0 0 0
node 108 0.0 3.0 3.75 -mass 0 0 0 0 0 0
node 109 0.0 3.0 4.5 -mass 0 0 0 0 0 0
node 110 0.0 3.0 5.25 -mass 0 0 0 0 0 0
node 111 0.0 3.0 6.75 -mass 0 0 0 0 0 0
node 112 0.0 3.0 7.5 -mass 0 0 0 0 0 0
node 113 0.0 3.0 8.25 -mass 0 0 0 0 0 0
node 114 0.0 3.0 9.75 -mass 0 0 0 0 0 0
node 115 0.0 3.0 10.5 -mass 0 0 0 0 0 0
node 116 0.0 3.0 11.25 -mass 0 0 0 0 0 0
node 117 0.534099400043 0.308688044548 3.0 -mass 0 0 0 0 0 0
node 118 0.0 0.375 3.0 -mass 0 0 0 0 0 0
node 119 0.375 0.0 3.0 -mass 0 0 0 0 0 0
node 120 0.0 2.625 3.0 -mass 0 0 0 0 0 0
node 121 0.425830125809 2.56869888306 3.0 -mass 0 0 0 0 0 0
node 122 0.375 3.0 3.0 -mass 0 0 0 0 0 0
node 123 1.51695692539 1.24839735031 3.0 -mass 0 0 0 0 0 0
node 124 1.15474355221 1.21411979198 3.0 -mass 0 0 0 0 0 0
node 125 1.42258071899 0.889491796494 3.0 -mass 0 0 0 0 0 0
node 126 0.695994079113 2.26197481155 3.0 -mass 0 0 0 0 0 0
node 127 0.324954807758 2.10702157021 3.0 -mass 0 0 0 0 0 0
node 128 0.0 1.875 3.0 -mass 0 0 0 0 0 0
node 129 0.779406487942 1.17637515068 3.0 -mass 0 0 0 0 0 0
node 130 0.884442448616 1.55895709991 3.0 -mass 0 0 0 0 0 0
node 131 1.24959540367 0.454917669296 3.0 -mass 0 0 0 0 0 0
node 132 1.02774429321 0.855138361454 3.0 -mass 0 0 0 0 0 0
node 133 2.63259530067 1.70103240013 3.0 -mass 0 0 0 0 0 0
node 134 3.0 1.875 3.0 -mass 0 0 0 0 0 0
node 135 2.15650916100 0.628337979317 3.0 -mass 0 0 0 0 0 0
node 136 2.60680580139 0.46759724617 3.0 -mass 0 0 0 0 0 0
node 137 2.60428261757 0.885286808014 3.0 -mass 0 0 0 0 0 0
node 138 2.56283712387 2.56292867661 3.0 -mass 0 0 0 0 0 0
node 139 3.0 2.625 3.0 -mass 0 0 0 0 0 0
node 140 2.62793898582 2.11560916901 3.0 -mass 0 0 0 0 0 0
node 141 0.280784577131 1.76255190372 3.0 -mass 0 0 0 0 0 0
node 142 2.625 0.0 3.0 -mass 0 0 0 0 0 0
node 143 3.0 0.375 3.0 -mass 0 0 0 0 0 0
node 144 0.881500184536 2.64413428307 3.0 -mass 0 0 0 0 0 0
node 145 1.125 3.0 3.0 -mass 0 0 0 0 0 0
node 146 0.897730827332 0.264324814081 3.0 -mass 0 0 0 0 0 0
node 147 0.958203494549 1.94129300117 3.0 -mass 0 0 0 0 0 0
node 148 1.31741309166 1.95795464516 3.0 -mass 0 0 0 0 0 0
node 149 1.07688832283 2.30690956116 3.0 -mass 0 0 0 0 0 0
node 150 3.0 1.125 3.0 -mass 0 0 0 0 0 0
node 151 0.49394929409 1.49116468430 3.0 -mass 0 0 0 0 0 0
node 152 0.600943088531 1.86836934090 3.0 -mass 0 0 0 0 0 0
node 153 1.68231225014 0.591064035892 3.0 -mass 0 0 0 0 0 0
node 154 1.82165908813 0.952981054783 3.0 -mass 0 0 0 0 0 0
node 155 2.625 3.0 3.0 -mass 0 0 0 0 0 0
node 156 0.676172673702 0.863046944141 3.0 -mass 0 0 0 0 0 0
node 157 2.05081176758 2.62523007393 3.0 -mass 0 0 0 0 0 0
node 158 2.24968767166 2.29089951515 3.0 -mass 0 0 0 0 0 0
node 159 2.29447388649 1.91313576698 3.0 -mass 0 0 0 0 0 0
node 160 1.125 0.0 3.0 -mass 0 0 0 0 0 0
node 161 1.875 3.0 3.0 -mass 0 0 0 0 0 0
node 162 1.62727391720 2.64884924889 3.0 -mass 0 0 0 0 0 0
node 163 1.875 0.0 3.0 -mass 0 0 0 0 0 0
node 164 1.87674224377 0.283722102642 3.0 -mass 0 0 0 0 0 0
node 165 1.26558053494 2.65471673012 3.0 -mass 0 0 0 0 0 0
node 166 1.78427946568 2.34047102928 3.0 -mass 0 0 0 0 0 0
node 167 1.99185299873 2.10926818848 3.0 -mass 0 0 0 0 0 0
node 168 2.22910761833 1.08220195770 3.0 -mass 0 0 0 0 0 0
node 169 2.62266683578 1.29628038406 3.0 -mass 0 0 0 0 0 0
node 170 2.26610469818 1.49583923817 3.0 -mass 0 0 0 0 0 0
node 171 0.345396727324 1.07892477512 3.0 -mass 0 0 0 0 0 0
node 172 1.94944810867 1.74084568024 3.0 -mass 0 0 0 0 0 0
node 173 1.88884091377 1.33252060413 3.0 -mass 0 0 0 0 0 0
node 174 0.394389182329 0.656741917133 3.0 -mass 0 0 0 0 0 0
node 175 1.23944032192 1.58329343796 3.0 -mass 0 0 0 0 0 0
node 176 1.66788363457 2.01531457901 3.0 -mass 0 0 0 0 0 0
node 177 1.59108281136 1.62572324276 3.0 -mass 0 0 0 0 0 0
node 178 0.803661286831 0.56436496973 3.0 -mass 0 0 0 0 0 0
node 179 1.43598198891 2.31667637825 3.0 -mass 0 0 0 0 0 0
node 180 2.29117584229 0.280798137188 3.0 -mass 0 0 0 0 0 0
node 181 0.0 1.125 3.0 -mass 0 0 0 0 0 0
node 182 0.534099400043 0.308688044548 6.0 -mass 0 0 0 0 0 0
node 183 0.0 0.375 6.0 -mass 0 0 0 0 0 0
node 184 0.375 0.0 6.0 -mass 0 0 0 0 0 0
node 185 0.0 2.625 6.0 -mass 0 0 0 0 0 0
node 186 0.426856219769 2.56579422951 6.0 -mass 0 0 0 0 0 0
node 187 0.375 3.0 6.0 -mass 0 0 0 0 0 0
node 188 1.51697051525 1.24919199944 6.0 -mass 0 0 0 0 0 0
node 189 1.15438151360 1.21498632431 6.0 -mass 0 0 0 0 0 0
node 190 1.42252385616 0.889652431011 6.0 -mass 0 0 0 0 0 0
node 191 0.696777880192 2.26184439659 6.0 -mass 0 0 0 0 0 0
node 192 0.32530605793 2.10614347458 6.0 -mass 0 0 0 0 0 0
node 193 0.0 1.875 6.0 -mass 0 0 0 0 0 0
node 194 0.778343439102 1.17738330364 6.0 -mass 0 0 0 0 0 0
node 195 0.884104847908 1.56027626991 6.0 -mass 0 0 0 0 0 0
node 196 1.24957346916 0.454939514399 6.0 -mass 0 0 0 0 0 0
node 197 1.02738511562 0.855475842953 6.0 -mass 0 0 0 0 0 0
node 198 2.63259983063 1.7010409832 6.0 -mass 0 0 0 0 0 0
node 199 3.0 1.875 6.0 -mass 0 0 0 0 0 0
node 200 2.15650892258 0.628341734409 6.0 -mass 0 0 0 0 0 0
node 201 2.60680580139 0.46759724617 6.0 -mass 0 0 0 0 0 0
node 202 2.60428237915 0.885287880898 6.0 -mass 0 0 0 0 0 0
node 203 2.56286931038 2.56294679642 6.0 -mass 0 0 0 0 0 0
node 204 3.0 2.625 6.0 -mass 0 0 0 0 0 0
node 205 2.62989592552 2.10840821266 6.0 -mass 0 0 0 0 0 0
node 206 0.280780851841 1.76257753372 6.0 -mass 0 0 0 0 0 0
node 207 2.625 0.0 6.0 -mass 0 0 0 0 0 0
node 208 3.0 0.375 6.0 -mass 0 0 0 0 0 0
node 209 0.882552564144 2.64390230179 6.0 -mass 0 0 0 0 0 0
node 210 1.125 3.0 6.0 -mass 0 0 0 0 0 0
node 211 0.897730827332 0.264324814081 6.0 -mass 0 0 0 0 0 0
node 212 0.958804130554 1.94364535809 6.0 -mass 0 0 0 0 0 0
node 213 1.31933128834 1.96221971512 6.0 -mass 0 0 0 0 0 0
node 214 1.07900834084 2.30968356133 6.0 -mass 0 0 0 0 0 0
node 215 3.0 1.125 6.0 -mass 0 0 0 0 0 0
node 216 0.493588715792 1.49166464806 6.0 -mass 0 0 0 0 0 0
node 217 0.600996434689 1.86889576912 6.0 -mass 0 0 0 0 0 0
node 218 1.68231153488 0.591071784496 6.0 -mass 0 0 0 0 0 0
node 219 1.82165682316 0.953083992004 6.0 -mass 0 0 0 0 0 0
node 220 2.625 3.0 6.0 -mass 0 0 0 0 0 0
node 221 0.675756931305 0.863378405571 6.0 -mass 0 0 0 0 0 0
node 222 2.05146765709 2.62564206123 6.0 -mass 0 0 0 0 0 0
node 223 2.25006055832 2.29117035866 6.0 -mass 0 0 0 0 0 0
node 224 2.29458689690 1.91328442097 6.0 -mass 0 0 0 0 0 0
node 225 1.125 0.0 6.0 -mass 0 0 0 0 0 0
node 226 1.875 3.0 6.0 -mass 0 0 0 0 0 0
node 227 1.6294516325 2.65033435822 6.0 -mass 0 0 0 0 0 0
node 228 1.875 0.0 6.0 -mass 0 0 0 0 0 0
node 229 1.87674224377 0.283722102642 6.0 -mass 0 0 0 0 0 0
node 230 1.26771056652 2.65633225441 6.0 -mass 0 0 0 0 0 0
node 231 1.78669989109 2.34236812592 6.0 -mass 0 0 0 0 0 0
node 232 1.99277770519 2.11020135880 6.0 -mass 0 0 0 0 0 0
node 233 2.22910904884 1.08224248886 6.0 -mass 0 0 0 0 0 0
node 234 2.62266778946 1.29628515244 6.0 -mass 0 0 0 0 0 0
node 235 2.26614308357 1.49595379829 6.0 -mass 0 0 0 0 0 0
node 236 0.345090985298 1.07918238640 6.0 -mass 0 0 0 0 0 0
node 237 1.94991040230 1.74175286293 6.0 -mass 0 0 0 0 0 0
node 238 1.88891243935 1.33299624920 6.0 -mass 0 0 0 0 0 0
node 239 0.39433786273 0.656781673431 6.0 -mass 0 0 0 0 0 0
node 240 1.23968636990 1.58559560776 6.0 -mass 0 0 0 0 0 0
node 241 1.67004108429 2.01824855804 6.0 -mass 0 0 0 0 0 0
node 242 1.59170854092 1.62795829773 6.0 -mass 0 0 0 0 0 0
node 243 0.803606271744 0.564408779144 6.0 -mass 0 0 0 0 0 0
node 244 1.43980026245 2.32041192055 6.0 -mass 0 0 0 0 0 0
node 245 2.29117584229 0.280798137188 6.0 -mass 0 0 0 0 0 0
node 246 0.0 1.125 6.0 -mass 0 0 0 0 0 0
node 247 0.534099400043 0.308688014746 9.0 -mass 0 0 0 0 0 0
node 248 0.0 0.375 9.0 -mass 0 0 0 0 0 0
node 249 0.375 0.0 9.0 -mass 0 0 0 0 0 0
node 250 0.0 2.625 9.0 -mass 0 0 0 0 0 0
node 251 0.4259365201 2.56654834747 9.0 -mass 0 0 0 0 0 0
node 252 0.375 3.0 9.0 -mass 0 0 0 0 0 0
node 253 1.51689231396 1.24917650223 9.0 -mass 0 0 0 0 0 0
node 254 1.15395617485 1.21505248547 9.0 -mass 0 0 0 0 0 0
node 255 1.42250061035 0.889650046825 9.0 -mass 0 0 0 0 0 0
node 256 0.693596124649 2.26308822632 9.0 -mass 0 0 0 0 0 0
node 257 0.322020888329 2.10588693619 9.0 -mass 0 0 0 0 0 0
node 258 0.0 1.875 9.0 -mass 0 0 0 0 0 0
node 259 0.777541577816 1.17738282681 9.0 -mass 0 0 0 0 0 0
node 260 0.881225526333 1.56058454514 9.0 -mass 0 0 0 0 0 0
node 261 1.24957239628 0.454938411713 9.0 -mass 0 0 0 0 0 0
node 262 1.02732932568 0.855479121208 9.0 -mass 0 0 0 0 0 0
node 263 2.63231658936 1.70075774193 9.0 -mass 0 0 0 0 0 0
node 264 3.0 1.875 9.0 -mass 0 0 0 0 0 0
node 265 2.15649271011 0.628325521946 9.0 -mass 0 0 0 0 0 0
node 266 2.60679984093 0.467591285706 9.0 -mass 0 0 0 0 0 0
node 267 2.60425019264 0.885255634785 9.0 -mass 0 0 0 0 0 0
node 268 2.56258797646 2.56266546249 9.0 -mass 0 0 0 0 0 0
node 269 3.0 2.625 9.0 -mass 0 0 0 0 0 0
node 270 2.62948846817 2.10800075531 9.0 -mass 0 0 0 0 0 0
node 271 0.276521503925 1.76117169857 9.0 -mass 0 0 0 0 0 0
node 272 2.625 0.0 9.0 -mass 0 0 0 0 0 0
node 273 3.0 0.375 9.0 -mass 0 0 0 0 0 0
node 274 0.881247282028 2.64665937424 9.0 -mass 0 0 0 0 0 0
node 275 1.125 3.0 9.0 -mass 0 0 0 0 0 0
node 276 0.897730708122 0.26432466507 9.0 -mass 0 0 0 0 0 0
node 277 0.955944120884 1.94420945644 9.0 -mass 0 0 0 0 0 0
node 278 1.31885051727 1.96232712269 9.0 -mass 0 0 0 0 0 0
node 279 1.07795429230 2.31075382233 9.0 -mass 0 0 0 0 0 0
node 280 3.0 1.125 9.0 -mass 0 0 0 0 0 0
node 281 0.490321457386 1.49127960205 9.0 -mass 0 0 0 0 0 0
node 282 0.594572603703 1.86912739277 9.0 -mass 0 0 0 0 0 0
node 283 1.68230557442 0.591065824032 9.0 -mass 0 0 0 0 0 0
node 284 1.82162833214 0.953055500984 9.0 -mass 0 0 0 0 0 0
node 285 2.625 3.0 9.0 -mass 0 0 0 0 0 0
node 286 0.675689816475 0.863375008106 9.0 -mass 0 0 0 0 0 0
node 287 2.05119705200 2.62537145615 9.0 -mass 0 0 0 0 0 0
node 288 2.24956727028 2.29067683220 9.0 -mass 0 0 0 0 0 0
node 289 2.29412269592 1.91282033920 9.0 -mass 0 0 0 0 0 0
node 290 1.125 0.0 9.0 -mass 0 0 0 0 0 0
node 291 1.875 3.0 9.0 -mass 0 0 0 0 0 0
node 292 1.62933790684 2.65031051636 9.0 -mass 0 0 0 0 0 0
node 293 1.875 0.0 9.0 -mass 0 0 0 0 0 0
node 294 1.87673950195 0.283719331026 9.0 -mass 0 0 0 0 0 0
node 295 1.26735043526 2.65720129013 9.0 -mass 0 0 0 0 0 0
node 296 1.78645873070 2.34212684631 9.0 -mass 0 0 0 0 0 0
node 297 1.99238729477 2.10981106758 9.0 -mass 0 0 0 0 0 0
node 298 2.22902798653 1.08216142654 9.0 -mass 0 0 0 0 0 0
node 299 2.6225502491 1.29616749287 9.0 -mass 0 0 0 0 0 0
node 300 2.26589894295 1.49570977688 9.0 -mass 0 0 0 0 0 0
node 301 0.344700574875 1.07912838459 9.0 -mass 0 0 0 0 0 0
node 302 1.94964635372 1.74148893356 9.0 -mass 0 0 0 0 0 0
node 303 1.88880622387 1.33288991451 9.0 -mass 0 0 0 0 0 0
node 304 0.394319951534 0.65677857399 9.0 -mass 0 0 0 0 0 0
node 305 1.23894107342 1.58571815491 9.0 -mass 0 0 0 0 0 0
node 306 1.66984987259 2.01807808876 9.0 -mass 0 0 0 0 0 0
node 307 1.59156990051 1.62788248062 9.0 -mass 0 0 0 0 0 0
node 308 0.80360609293 0.56440860033 9.0 -mass 0 0 0 0 0 0
node 309 1.43963110447 2.32048487663 9.0 -mass 0 0 0 0 0 0
node 310 2.29117202759 0.280794113874 9.0 -mass 0 0 0 0 0 0
node 311 0.0 1.125 9.0 -mass 0 0 0 0 0 0
node 312 0.534199357033 0.308117955923 12.0 -mass 0 0 0 0 0 0
node 313 0.0 0.375 12.0 -mass 0 0 0 0 0 0
node 314 0.375 0.0 12.0 -mass 0 0 0 0 0 0
node 315 0.0 2.625 12.0 -mass 0 0 0 0 0 0
node 316 0.425820678473 2.56750845909 12.0 -mass 0 0 0 0 0 0
node 317 0.375 3.0 12.0 -mass 0 0 0 0 0 0
node 318 1.51604855061 1.24942016602 12.0 -mass 0 0 0 0 0 0
node 319 1.15779137611 1.21161830425 12.0 -mass 0 0 0 0 0 0
node 320 1.42257130146 0.887660264969 12.0 -mass 0 0 0 0 0 0
node 321 0.691568791866 2.26802539825 12.0 -mass 0 0 0 0 0 0
node 322 0.323189079762 2.10832643509 12.0 -mass 0 0 0 0 0 0
node 323 0.0 1.875 12.0 -mass 0 0 0 0 0 0
node 324 0.776233136654 1.17668366432 12.0 -mass 0 0 0 0 0 0
node 325 0.877567052841 1.56554806232 12.0 -mass 0 0 0 0 0 0
node 326 1.24987888336 0.453043520451 12.0 -mass 0 0 0 0 0 0
node 327 1.02751672268 0.851752758026 12.0 -mass 0 0 0 0 0 0
node 328 2.63259983063 1.7010409832 12.0 -mass 0 0 0 0 0 0
node 329 3.0 1.875 12.0 -mass 0 0 0 0 0 0
node 330 2.15653109550 0.628211379051 12.0 -mass 0 0 0 0 0 0
node 331 2.60680675507 0.467592000961 12.0 -mass 0 0 0 0 0 0
node 332 2.60428357124 0.885282218456 12.0 -mass 0 0 0 0 0 0
node 333 2.56286931038 2.56294679642 12.0 -mass 0 0 0 0 0 0
node 334 3.0 2.625 12.0 -mass 0 0 0 0 0 0
node 335 2.62989592552 2.10840821266 12.0 -mass 0 0 0 0 0 0
node 336 0.278521180153 1.76403141022 12.0 -mass 0 0 0 0 0 0
node 337 2.625 0.0 12.0 -mass 0 0 0 0 0 0
node 338 3.0 0.375 12.0 -mass 0 0 0 0 0 0
node 339 0.876684546471 2.65520405769 12.0 -mass 0 0 0 0 0 0
node 340 1.125 3.0 12.0 -mass 0 0 0 0 0 0
node 341 0.897895038128 0.263426661491 12.0 -mass 0 0 0 0 0 0
node 342 0.949813842773 1.95297300816 12.0 -mass 0 0 0 0 0 0
node 343 1.31456649303 1.96729183197 12.0 -mass 0 0 0 0 0 0
node 344 1.06453692913 2.32317733765 12.0 -mass 0 0 0 0 0 0
node 345 3.0 1.125 12.0 -mass 0 0 0 0 0 0
node 346 0.489897072315 1.49335765839 12.0 -mass 0 0 0 0 0 0
node 347 0.594751238823 1.87459337711 12.0 -mass 0 0 0 0 0 0
node 348 1.68244147301 0.59025734663 12.0 -mass 0 0 0 0 0 0
node 349 1.82166731358 0.952617228031 12.0 -mass 0 0 0 0 0 0
node 350 2.625 3.0 12.0 -mass 0 0 0 0 0 0
node 351 0.675745248795 0.860765516758 12.0 -mass 0 0 0 0 0 0
node 352 2.05144834518 2.62566781044 12.0 -mass 0 0 0 0 0 0
node 353 2.25004744530 2.29118418694 12.0 -mass 0 0 0 0 0 0
node 354 2.29457736015 1.91329443455 12.0 -mass 0 0 0 0 0 0
node 355 1.125 0.0 12.0 -mass 0 0 0 0 0 0
node 356 1.875 3.0 12.0 -mass 0 0 0 0 0 0
node 357 1.62919461727 2.65072178841 12.0 -mass 0 0 0 0 0 0
node 358 1.875 0.0 12.0 -mass 0 0 0 0 0 0
node 359 1.87678217888 0.283504724503 12.0 -mass 0 0 0 0 0 0
node 360 1.2635897398 2.65925455093 12.0 -mass 0 0 0 0 0 0
node 361 1.78644359112 2.34265375137 12.0 -mass 0 0 0 0 0 0
node 362 1.99851036072 2.16050624847 12.0 -mass 0 0 0 0 0 0
node 363 2.22911143303 1.08219826221 12.0 -mass 0 0 0 0 0 0
node 364 2.62266802788 1.29628372192 12.0 -mass 0 0 0 0 0 0
node 365 2.26613211632 1.49596035480 12.0 -mass 0 0 0 0 0 0
node 366 0.344336181879 1.07862687111 12.0 -mass 0 0 0 0 0 0
node 367 1.94970214367 1.74196422100 12.0 -mass 0 0 0 0 0 0
node 368 1.88874173164 1.33307266235 12.0 -mass 0 0 0 0 0 0
node 369 0.39439740777 0.65580624342 12.0 -mass 0 0 0 0 0 0
node 370 1.23475635052 1.59018957615 12.0 -mass 0 0 0 0 0 0
node 371 1.67014384270 2.01590943336 12.0 -mass 0 0 0 0 0 0
node 372 1.59014761448 1.62949240208 12.0 -mass 0 0 0 0 0 0
node 373 0.803984344006 0.561992645264 12.0 -mass 0 0 0 0 0 0
node 374 1.43804275990 2.322483778 12.0 -mass 0 0 0 0 0 0
node 375 2.29118371010 0.280756950378 12.0 -mass 0 0 0 0 0 0
node 376 0.0 1.125 12.0 -mass 0 0 0 0 0 0
fix 65 1 1 1 1 1 1
fix 78 1 1 1 1 1 1
fix 91 1 1 1 1 1 1
fix 104 1 1 1 1 1 1
uniaxialMaterial Elastic 1 210000000.0 0 0

uniaxialMaterial Elastic 2 210000000.0 0 0

uniaxialMaterial Elastic 3 210000000.0 0 0

uniaxialMaterial Elastic 4 210000000.0 0 0

uniaxialMaterial Elastic 5 210000000.0 0 0

nDMaterial ElasticIsotropic 6 210000000.0 0.30014858841 78.5

uniaxialMaterial Elastic 7 210000000.0 0 0

uniaxialMaterial Elastic 8 210000000.0 0 0

uniaxialMaterial Elastic 9 210000000.0 0 0

uniaxialMaterial Elastic 10 210000000.0 0 0

uniaxialMaterial Elastic 11 210000000.0 0 0

uniaxialMaterial Elastic 12 210000000.0 0 0

uniaxialMaterial Elastic 13 210000000.0 0 0

uniaxialMaterial Elastic 14 210000000.0 0 0

uniaxialMaterial Elastic 15 210000000.0 0 0

uniaxialMaterial Elastic 16 210000000.0 0 0

uniaxialMaterial Elastic 17 210000000.0 0 0

uniaxialMaterial Elastic 18 210000000.0 0 0

uniaxialMaterial Elastic 19 210000000.0 0 0

uniaxialMaterial Elastic 20 210000000.0 0 0

uniaxialMaterial Elastic 21 210000000.0 0 0

uniaxialMaterial Elastic 22 210000000.0 0 0

uniaxialMaterial Elastic 23 210000000.0 0 0

uniaxialMaterial Elastic 24 210000000.0 0 0

uniaxialMaterial Elastic 25 210000000.0 0 0

uniaxialMaterial Elastic 26 210000000.0 0 0

uniaxialMaterial Elastic 27 210000000.0 0 0

uniaxialMaterial Elastic 28 210000000.0 0 0

uniaxialMaterial Elastic 29 210000000.0 0 0

uniaxialMaterial Elastic 30 210000000.0 0 0

uniaxialMaterial Elastic 31 210000000.0 0 0

uniaxialMaterial Elastic 32 210000000.0 0 0

uniaxialMaterial Elastic 33 210000000.0 0 0

uniaxialMaterial Elastic 34 210000000.0 0 0

uniaxialMaterial Elastic 35 210000000.0 0 0

uniaxialMaterial Elastic 36 210000000.0 0 0

uniaxialMaterial Elastic 37 210000000.0 0 0

uniaxialMaterial Elastic 38 210000000.0 0 0

uniaxialMaterial Elastic 39 210000000.0 0 0

uniaxialMaterial Elastic 40 210000000.0 0 0

uniaxialMaterial Elastic 41 210000000.0 0 0

uniaxialMaterial Elastic 42 210000000.0 0 0

uniaxialMaterial Elastic 43 210000000.0 0 0

uniaxialMaterial Elastic 44 210000000.0 0 0

uniaxialMaterial Elastic 45 210000000.0 0 0

uniaxialMaterial Elastic 46 210000000.0 0 0

uniaxialMaterial Elastic 47 210000000.0 0 0

uniaxialMaterial Elastic 48 210000000.0 0 0

uniaxialMaterial Elastic 49 210000000.0 0 0

uniaxialMaterial Elastic 50 210000000.0 0 0

uniaxialMaterial Elastic 51 210000000.0 0 0

uniaxialMaterial Elastic 52 210000000.0 0 0

uniaxialMaterial Elastic 53 210000000.0 0 0

uniaxialMaterial Elastic 54 210000000.0 0 0

uniaxialMaterial Elastic 55 210000000.0 0 0

uniaxialMaterial Elastic 56 210000000.0 0 0

uniaxialMaterial Elastic 57 210000000.0 0 0

uniaxialMaterial Elastic 58 210000000.0 0 0

uniaxialMaterial Elastic 59 210000000.0 0 0

uniaxialMaterial Elastic 60 210000000.0 0 0

uniaxialMaterial Elastic 61 210000000.0 0 0

uniaxialMaterial Elastic 62 210000000.0 0 0

uniaxialMaterial Elastic 63 210000000.0 0 0

uniaxialMaterial Elastic 64 210000000.0 0 0

uniaxialMaterial Elastic 65 210000000.0 0 0

uniaxialMaterial Elastic 66 210000000.0 0 0

uniaxialMaterial Elastic 67 210000000.0 0 0

uniaxialMaterial Elastic 68 210000000.0 0 0

uniaxialMaterial Elastic 69 210000000.0 0 0

uniaxialMaterial Elastic 70 210000000.0 0 0

uniaxialMaterial Elastic 71 210000000.0 0 0

uniaxialMaterial Elastic 72 210000000.0 0 0

uniaxialMaterial Elastic 73 210000000.0 0 0

uniaxialMaterial Elastic 74 210000000.0 0 0

uniaxialMaterial Elastic 75 210000000.0 0 0

uniaxialMaterial Elastic 76 210000000.0 0 0

uniaxialMaterial Elastic 77 210000000.0 0 0

uniaxialMaterial Elastic 78 210000000.0 0 0

uniaxialMaterial Elastic 79 210000000.0 0 0

uniaxialMaterial Elastic 80 210000000.0 0 0

uniaxialMaterial Elastic 81 210000000.0 0 0

uniaxialMaterial Elastic 82 210000000.0 0 0

uniaxialMaterial Elastic 83 210000000.0 0 0

uniaxialMaterial Elastic 84 210000000.0 0 0

uniaxialMaterial Elastic 85 210000000.0 0 0

uniaxialMaterial Elastic 86 210000000.0 0 0

uniaxialMaterial Elastic 87 210000000.0 0 0

uniaxialMaterial Elastic 88 210000000.0 0 0

uniaxialMaterial Elastic 89 210000000.0 0 0

uniaxialMaterial Elastic 90 210000000.0 0 0

uniaxialMaterial Elastic 91 210000000.0 0 0

uniaxialMaterial Elastic 92 210000000.0 0 0

uniaxialMaterial Elastic 93 210000000.0 0 0

uniaxialMaterial Elastic 94 210000000.0 0 0

uniaxialMaterial Elastic 95 210000000.0 0 0

uniaxialMaterial Elastic 96 210000000.0 0 0

uniaxialMaterial Elastic 97 210000000.0 0 0

uniaxialMaterial Elastic 98 210000000.0 0 0

uniaxialMaterial Elastic 99 210000000.0 0 0

uniaxialMaterial Elastic 100 210000000.0 0 0

uniaxialMaterial Elastic 101 210000000.0 0 0

uniaxialMaterial Elastic 102 210000000.0 0 0

uniaxialMaterial Elastic 103 210000000.0 0 0

nDMaterial ElasticIsotropic 104 210000000.0 0.30014858841 78.5

uniaxialMaterial Elastic 105 210000000.0 0 0

uniaxialMaterial Elastic 106 210000000.0 0 0

uniaxialMaterial Elastic 107 210000000.0 0 0

uniaxialMaterial Elastic 108 210000000.0 0 0

uniaxialMaterial Elastic 109 210000000.0 0 0

uniaxialMaterial Elastic 110 210000000.0 0 0

uniaxialMaterial Elastic 111 210000000.0 0 0

uniaxialMaterial Elastic 112 210000000.0 0 0

uniaxialMaterial Elastic 113 210000000.0 0 0

uniaxialMaterial Elastic 114 210000000.0 0 0

uniaxialMaterial Elastic 115 210000000.0 0 0

uniaxialMaterial Elastic 116 210000000.0 0 0

uniaxialMaterial Elastic 117 210000000.0 0 0

uniaxialMaterial Elastic 118 210000000.0 0 0

uniaxialMaterial Elastic 119 210000000.0 0 0

uniaxialMaterial Elastic 120 210000000.0 0 0

uniaxialMaterial Elastic 121 210000000.0 0 0

uniaxialMaterial Elastic 122 210000000.0 0 0

uniaxialMaterial Elastic 123 210000000.0 0 0

uniaxialMaterial Elastic 124 210000000.0 0 0

uniaxialMaterial Elastic 125 210000000.0 0 0

nDMaterial ElasticIsotropic 126 210000000.0 0.30014858841 78.5

uniaxialMaterial Elastic 127 210000000.0 0 0

uniaxialMaterial Elastic 128 210000000.0 0 0

uniaxialMaterial Elastic 129 210000000.0 0 0

uniaxialMaterial Elastic 130 210000000.0 0 0

uniaxialMaterial Elastic 131 210000000.0 0 0

uniaxialMaterial Elastic 132 210000000.0 0 0

uniaxialMaterial Elastic 133 210000000.0 0 0

uniaxialMaterial Elastic 134 210000000.0 0 0

uniaxialMaterial Elastic 135 210000000.0 0 0

uniaxialMaterial Elastic 136 210000000.0 0 0

uniaxialMaterial Elastic 137 210000000.0 0 0

uniaxialMaterial Elastic 138 210000000.0 0 0

uniaxialMaterial Elastic 139 210000000.0 0 0

uniaxialMaterial Elastic 140 210000000.0 0 0

uniaxialMaterial Elastic 141 210000000.0 0 0

uniaxialMaterial Elastic 142 210000000.0 0 0

uniaxialMaterial Elastic 143 210000000.0 0 0

uniaxialMaterial Elastic 144 210000000.0 0 0

nDMaterial ElasticIsotropic 145 210000000.0 0.30014858841 78.5

uniaxialMaterial Elastic 146 210000000.0 0 0

uniaxialMaterial Elastic 147 210000000.0 0 0

uniaxialMaterial Elastic 148 210000000.0 0 0

section Elastic 1 210000000.0 0.0128 2.73066666667e-05 6.82666666667e-06 80769200.0 1.62217821782e-05 0.833333333333 0.833333333333

section Elastic 2 210000000.0 0.005 4.16666666667e-06 1.04166666667e-06 80769200.0 2.47524752475e-06 0.833333333333 0.833333333333

section Elastic 3 210000000.0 0.005 4.16666666667e-06 1.04166666667e-06 80769200.0 2.47524752475e-06 0.833333333333 0.833333333333

section Elastic 4 210000000.0 0.00817128249199 2.42053815619e-05 2.42053815619e-05 80769200.0 4.84107631238e-05 0.9 0.9

section Elastic 5 210000000.0 0.0128 2.73066666667e-05 6.82666666667e-06 80769200.0 1.62217821782e-05 0.833333333333 0.833333333333

section Elastic 6 210000000.0 0.00817128249199 2.42053815619e-05 2.42053815619e-05 80769200.0 4.84107631238e-05 0.9 0.9

section Elastic 7 210000000.0 0.0128 2.73066666667e-05 6.82666666667e-06 80769200.0 1.62217821782e-05 0.833333333333 0.833333333333

section Elastic 8 210000000.0 0.0128 2.73066666667e-05 6.82666666667e-06 80769200.0 1.62217821782e-05 0.833333333333 0.833333333333

section Elastic 9 210000000.0 0.0149571226237 8.11012581466e-05 8.11012581466e-05 80769200.0 0.000162202516293 0.9 0.9

section Elastic 10 210000000.0 0.00817128249199 2.42053815619e-05 2.42053815619e-05 80769200.0 4.84107631238e-05 0.9 0.9

section Elastic 11 210000000.0 0.0128 2.73066666667e-05 6.82666666667e-06 80769200.0 1.62217821782e-05 0.833333333333 0.833333333333

section Elastic 12 210000000.0 0.000706858347058 1.81132451434e-07 1.81132451434e-07 80769200.0 3.62264902867e-07 0.9 0.9

section PlateFiber 13 104 0.02

section Elastic 14 210000000.0 0.0128 2.73066666667e-05 6.82666666667e-06 80769200.0 1.62217821782e-05 0.833333333333 0.833333333333

section Elastic 15 210000000.0 0.000706858347058 1.81132451434e-07 1.81132451434e-07 80769200.0 3.62264902867e-07 0.9 0.9

section Elastic 16 210000000.0 0.000706858347058 1.81132451434e-07 1.81132451434e-07 80769200.0 3.62264902867e-07 0.9 0.9

section Elastic 17 210000000.0 0.005 4.16666666667e-06 1.04166666667e-06 80769200.0 2.47524752475e-06 0.833333333333 0.833333333333

section Elastic 18 210000000.0 0.000706858347058 1.81132451434e-07 1.81132451434e-07 80769200.0 3.62264902867e-07 0.9 0.9

section Elastic 19 210000000.0 0.0128 2.73066666667e-05 6.82666666667e-06 80769200.0 1.62217821782e-05 0.833333333333 0.833333333333

section Elastic 20 210000000.0 0.0128 2.73066666667e-05 6.82666666667e-06 80769200.0 1.62217821782e-05 0.833333333333 0.833333333333

section Elastic 21 210000000.0 0.005 4.16666666667e-06 1.04166666667e-06 80769200.0 2.47524752475e-06 0.833333333333 0.833333333333

section Elastic 22 210000000.0 0.00554176944093 1.11334148068e-05 1.11334148068e-05 80769200.0 2.22668296137e-05 0.9 0.9

section Elastic 23 210000000.0 0.000706858347058 1.81132451434e-07 1.81132451434e-07 80769200.0 3.62264902867e-07 0.9 0.9

section Elastic 24 210000000.0 0.000706858347058 1.81132451434e-07 1.81132451434e-07 80769200.0 3.62264902867e-07 0.9 0.9

section Elastic 25 210000000.0 0.0128 2.73066666667e-05 6.82666666667e-06 80769200.0 1.62217821782e-05 0.833333333333 0.833333333333

section Elastic 26 210000000.0 0.005 4.16666666667e-06 1.04166666667e-06 80769200.0 2.47524752475e-06 0.833333333333 0.833333333333

section Elastic 27 210000000.0 0.00817128249199 2.42053815619e-05 2.42053815619e-05 80769200.0 4.84107631238e-05 0.9 0.9

section Elastic 28 210000000.0 0.0128 2.73066666667e-05 6.82666666667e-06 80769200.0 1.62217821782e-05 0.833333333333 0.833333333333

section Elastic 29 210000000.0 0.0128 2.73066666667e-05 6.82666666667e-06 80769200.0 1.62217821782e-05 0.833333333333 0.833333333333

section Elastic 30 210000000.0 0.005 4.16666666667e-06 1.04166666667e-06 80769200.0 2.47524752475e-06 0.833333333333 0.833333333333

section Elastic 31 210000000.0 0.0149571226237 8.11012581466e-05 8.11012581466e-05 80769200.0 0.000162202516293 0.9 0.9

section Elastic 32 210000000.0 0.0128 2.73066666667e-05 6.82666666667e-06 80769200.0 1.62217821782e-05 0.833333333333 0.833333333333

section Elastic 33 210000000.0 0.000706858347058 1.81132451434e-07 1.81132451434e-07 80769200.0 3.62264902867e-07 0.9 0.9

section Elastic 34 210000000.0 0.005 4.16666666667e-06 1.04166666667e-06 80769200.0 2.47524752475e-06 0.833333333333 0.833333333333

section Elastic 35 210000000.0 0.0128 2.73066666667e-05 6.82666666667e-06 80769200.0 1.62217821782e-05 0.833333333333 0.833333333333

section Elastic 36 210000000.0 0.005 4.16666666667e-06 1.04166666667e-06 80769200.0 2.47524752475e-06 0.833333333333 0.833333333333

section Elastic 37 210000000.0 0.000706858347058 1.81132451434e-07 1.81132451434e-07 80769200.0 3.62264902867e-07 0.9 0.9

section Elastic 38 210000000.0 0.00554176944093 1.11334148068e-05 1.11334148068e-05 80769200.0 2.22668296137e-05 0.9 0.9

section Elastic 39 210000000.0 0.0128 2.73066666667e-05 6.82666666667e-06 80769200.0 1.62217821782e-05 0.833333333333 0.833333333333

section Elastic 40 210000000.0 0.000706858347058 1.81132451434e-07 1.81132451434e-07 80769200.0 3.62264902867e-07 0.9 0.9

section Elastic 41 210000000.0 0.000706858347058 1.81132451434e-07 1.81132451434e-07 80769200.0 3.62264902867e-07 0.9 0.9

section Elastic 42 210000000.0 0.0113097335529 4.6369907567e-05 4.6369907567e-05 80769200.0 9.2739815134e-05 0.9 0.9

section Elastic 43 210000000.0 0.000706858347058 1.81132451434e-07 1.81132451434e-07 80769200.0 3.62264902867e-07 0.9 0.9

section Elastic 44 210000000.0 0.0128 2.73066666667e-05 6.82666666667e-06 80769200.0 1.62217821782e-05 0.833333333333 0.833333333333

section Elastic 45 210000000.0 0.005 4.16666666667e-06 1.04166666667e-06 80769200.0 2.47524752475e-06 0.833333333333 0.833333333333

section Elastic 46 210000000.0 0.000706858347058 1.81132451434e-07 1.81132451434e-07 80769200.0 3.62264902867e-07 0.9 0.9

section Elastic 47 210000000.0 0.00817128249199 2.42053815619e-05 2.42053815619e-05 80769200.0 4.84107631238e-05 0.9 0.9

section Elastic 48 210000000.0 0.0128 2.73066666667e-05 6.82666666667e-06 80769200.0 1.62217821782e-05 0.833333333333 0.833333333333

section Elastic 49 210000000.0 0.0128 2.73066666667e-05 6.82666666667e-06 80769200.0 1.62217821782e-05 0.833333333333 0.833333333333

section Elastic 50 210000000.0 0.00817128249199 2.42053815619e-05 2.42053815619e-05 80769200.0 4.84107631238e-05 0.9 0.9

section Elastic 51 210000000.0 0.0128 2.73066666667e-05 6.82666666667e-06 80769200.0 1.62217821782e-05 0.833333333333 0.833333333333

section Elastic 52 210000000.0 0.0128 2.73066666667e-05 6.82666666667e-06 80769200.0 1.62217821782e-05 0.833333333333 0.833333333333

section Elastic 53 210000000.0 0.0128 2.73066666667e-05 6.82666666667e-06 80769200.0 1.62217821782e-05 0.833333333333 0.833333333333

section Elastic 54 210000000.0 0.0128 2.73066666667e-05 6.82666666667e-06 80769200.0 1.62217821782e-05 0.833333333333 0.833333333333

section Elastic 55 210000000.0 0.0128 2.73066666667e-05 6.82666666667e-06 80769200.0 1.62217821782e-05 0.833333333333 0.833333333333

section Elastic 56 210000000.0 0.0128 2.73066666667e-05 6.82666666667e-06 80769200.0 1.62217821782e-05 0.833333333333 0.833333333333

section PlateFiber 57 6 0.02

section Elastic 58 210000000.0 0.0128 2.73066666667e-05 6.82666666667e-06 80769200.0 1.62217821782e-05 0.833333333333 0.833333333333

section Elastic 59 210000000.0 0.000706858347058 1.81132451434e-07 1.81132451434e-07 80769200.0 3.62264902867e-07 0.9 0.9

section Elastic 60 210000000.0 0.000706858347058 1.81132451434e-07 1.81132451434e-07 80769200.0 3.62264902867e-07 0.9 0.9

section Elastic 61 210000000.0 0.0242 9.76066666667e-05 2.44016666667e-05 80769200.0 5.79841584158e-05 0.833333333333 0.833333333333

section Elastic 62 210000000.0 0.0128 2.73066666667e-05 6.82666666667e-06 80769200.0 1.62217821782e-05 0.833333333333 0.833333333333

section Elastic 63 210000000.0 0.005 4.16666666667e-06 1.04166666667e-06 80769200.0 2.47524752475e-06 0.833333333333 0.833333333333

section Elastic 64 210000000.0 0.0113097335529 4.6369907567e-05 4.6369907567e-05 80769200.0 9.2739815134e-05 0.9 0.9

section Elastic 65 210000000.0 0.0113097335529 4.6369907567e-05 4.6369907567e-05 80769200.0 9.2739815134e-05 0.9 0.9

section Elastic 66 210000000.0 0.000706858347058 1.81132451434e-07 1.81132451434e-07 80769200.0 3.62264902867e-07 0.9 0.9

section Elastic 67 210000000.0 0.000706858347058 1.81132451434e-07 1.81132451434e-07 80769200.0 3.62264902867e-07 0.9 0.9

section Elastic 68 210000000.0 0.0113097335529 4.6369907567e-05 4.6369907567e-05 80769200.0 9.2739815134e-05 0.9 0.9

section Elastic 69 210000000.0 0.000706858347058 1.81132451434e-07 1.81132451434e-07 80769200.0 3.62264902867e-07 0.9 0.9

section Elastic 70 210000000.0 0.0128 2.73066666667e-05 6.82666666667e-06 80769200.0 1.62217821782e-05 0.833333333333 0.833333333333

section Elastic 71 210000000.0 0.0128 2.73066666667e-05 6.82666666667e-06 80769200.0 1.62217821782e-05 0.833333333333 0.833333333333

section Elastic 72 210000000.0 0.005 4.16666666667e-06 1.04166666667e-06 80769200.0 2.47524752475e-06 0.833333333333 0.833333333333

section PlateFiber 73 145 0.02

section Elastic 74 210000000.0 0.000706858347058 1.81132451434e-07 1.81132451434e-07 80769200.0 3.62264902867e-07 0.9 0.9

section Elastic 75 210000000.0 0.005 4.16666666667e-06 1.04166666667e-06 80769200.0 2.47524752475e-06 0.833333333333 0.833333333333

section Elastic 76 210000000.0 0.0113097335529 4.6369907567e-05 4.6369907567e-05 80769200.0 9.2739815134e-05 0.9 0.9

section Elastic 77 210000000.0 0.005 4.16666666667e-06 1.04166666667e-06 80769200.0 2.47524752475e-06 0.833333333333 0.833333333333

section Elastic 78 210000000.0 0.0113097335529 4.6369907567e-05 4.6369907567e-05 80769200.0 9.2739815134e-05 0.9 0.9

section Elastic 79 210000000.0 0.0128 2.73066666667e-05 6.82666666667e-06 80769200.0 1.62217821782e-05 0.833333333333 0.833333333333

section Elastic 80 210000000.0 0.0128 2.73066666667e-05 6.82666666667e-06 80769200.0 1.62217821782e-05 0.833333333333 0.833333333333

section Elastic 81 210000000.0 0.00817128249199 2.42053815619e-05 2.42053815619e-05 80769200.0 4.84107631238e-05 0.9 0.9

section Elastic 82 210000000.0 0.005 4.16666666667e-06 1.04166666667e-06 80769200.0 2.47524752475e-06 0.833333333333 0.833333333333

section Elastic 83 210000000.0 0.000706858347058 1.81132451434e-07 1.81132451434e-07 80769200.0 3.62264902867e-07 0.9 0.9

section Elastic 84 210000000.0 0.000706858347058 1.81132451434e-07 1.81132451434e-07 80769200.0 3.62264902867e-07 0.9 0.9

section Elastic 85 210000000.0 0.0128 2.73066666667e-05 6.82666666667e-06 80769200.0 1.62217821782e-05 0.833333333333 0.833333333333

section Elastic 86 210000000.0 0.0128 2.73066666667e-05 6.82666666667e-06 80769200.0 1.62217821782e-05 0.833333333333 0.833333333333

section Elastic 87 210000000.0 0.0128 2.73066666667e-05 6.82666666667e-06 80769200.0 1.62217821782e-05 0.833333333333 0.833333333333

section Elastic 88 210000000.0 0.005 4.16666666667e-06 1.04166666667e-06 80769200.0 2.47524752475e-06 0.833333333333 0.833333333333

section Elastic 89 210000000.0 0.000706858347058 1.81132451434e-07 1.81132451434e-07 80769200.0 3.62264902867e-07 0.9 0.9

section Elastic 90 210000000.0 0.005 4.16666666667e-06 1.04166666667e-06 80769200.0 2.47524752475e-06 0.833333333333 0.833333333333

section Elastic 91 210000000.0 0.000706858347058 1.81132451434e-07 1.81132451434e-07 80769200.0 3.62264902867e-07 0.9 0.9

section Elastic 92 210000000.0 0.0128 2.73066666667e-05 6.82666666667e-06 80769200.0 1.62217821782e-05 0.833333333333 0.833333333333

section Elastic 93 210000000.0 0.005 4.16666666667e-06 1.04166666667e-06 80769200.0 2.47524752475e-06 0.833333333333 0.833333333333

section Elastic 94 210000000.0 0.00817128249199 2.42053815619e-05 2.42053815619e-05 80769200.0 4.84107631238e-05 0.9 0.9

section Elastic 95 210000000.0 0.0128 2.73066666667e-05 6.82666666667e-06 80769200.0 1.62217821782e-05 0.833333333333 0.833333333333

section Elastic 96 210000000.0 0.005 4.16666666667e-06 1.04166666667e-06 80769200.0 2.47524752475e-06 0.833333333333 0.833333333333

section Elastic 97 210000000.0 0.00817128249199 2.42053815619e-05 2.42053815619e-05 80769200.0 4.84107631238e-05 0.9 0.9

section Elastic 98 210000000.0 0.00817128249199 2.42053815619e-05 2.42053815619e-05 80769200.0 4.84107631238e-05 0.9 0.9

section Elastic 99 210000000.0 0.00554176944093 1.11334148068e-05 1.11334148068e-05 80769200.0 2.22668296137e-05 0.9 0.9

section Elastic 100 210000000.0 0.0128 2.73066666667e-05 6.82666666667e-06 80769200.0 1.62217821782e-05 0.833333333333 0.833333333333

section Elastic 101 210000000.0 0.0242 9.76066666667e-05 2.44016666667e-05 80769200.0 5.79841584158e-05 0.833333333333 0.833333333333

section Elastic 102 210000000.0 0.0128 2.73066666667e-05 6.82666666667e-06 80769200.0 1.62217821782e-05 0.833333333333 0.833333333333

section Elastic 103 210000000.0 0.00817128249199 2.42053815619e-05 2.42053815619e-05 80769200.0 4.84107631238e-05 0.9 0.9

section Elastic 104 210000000.0 0.000706858347058 1.81132451434e-07 1.81132451434e-07 80769200.0 3.62264902867e-07 0.9 0.9

section Elastic 105 210000000.0 0.005 4.16666666667e-06 1.04166666667e-06 80769200.0 2.47524752475e-06 0.833333333333 0.833333333333

section Elastic 106 210000000.0 0.00817128249199 2.42053815619e-05 2.42053815619e-05 80769200.0 4.84107631238e-05 0.9 0.9

section Elastic 107 210000000.0 0.000706858347058 1.81132451434e-07 1.81132451434e-07 80769200.0 3.62264902867e-07 0.9 0.9

section Elastic 108 210000000.0 0.000706858347058 1.81132451434e-07 1.81132451434e-07 80769200.0 3.62264902867e-07 0.9 0.9

section Elastic 109 210000000.0 0.0128 2.73066666667e-05 6.82666666667e-06 80769200.0 1.62217821782e-05 0.833333333333 0.833333333333

section Elastic 110 210000000.0 0.005 4.16666666667e-06 1.04166666667e-06 80769200.0 2.47524752475e-06 0.833333333333 0.833333333333

section Elastic 111 210000000.0 0.0113097335529 4.6369907567e-05 4.6369907567e-05 80769200.0 9.2739815134e-05 0.9 0.9

section Elastic 112 210000000.0 0.00554176944093 1.11334148068e-05 1.11334148068e-05 80769200.0 2.22668296137e-05 0.9 0.9

section Elastic 113 210000000.0 0.0128 2.73066666667e-05 6.82666666667e-06 80769200.0 1.62217821782e-05 0.833333333333 0.833333333333

section Elastic 114 210000000.0 0.000706858347058 1.81132451434e-07 1.81132451434e-07 80769200.0 3.62264902867e-07 0.9 0.9

section Elastic 115 210000000.0 0.0128 2.73066666667e-05 6.82666666667e-06 80769200.0 1.62217821782e-05 0.833333333333 0.833333333333

section Elastic 116 210000000.0 0.005 4.16666666667e-06 1.04166666667e-06 80769200.0 2.47524752475e-06 0.833333333333 0.833333333333

section Elastic 117 210000000.0 0.005 4.16666666667e-06 1.04166666667e-06 80769200.0 2.47524752475e-06 0.833333333333 0.833333333333

section PlateFiber 118 126 0.02

section Elastic 119 210000000.0 0.00817128249199 2.42053815619e-05 2.42053815619e-05 80769200.0 4.84107631238e-05 0.9 0.9

section Elastic 120 210000000.0 0.0128 2.73066666667e-05 6.82666666667e-06 80769200.0 1.62217821782e-05 0.833333333333 0.833333333333

section Elastic 121 210000000.0 0.0128 2.73066666667e-05 6.82666666667e-06 80769200.0 1.62217821782e-05 0.833333333333 0.833333333333

section Elastic 122 210000000.0 0.000706858347058 1.81132451434e-07 1.81132451434e-07 80769200.0 3.62264902867e-07 0.9 0.9

section Elastic 123 210000000.0 0.000706858347058 1.81132451434e-07 1.81132451434e-07 80769200.0 3.62264902867e-07 0.9 0.9

section Elastic 124 210000000.0 0.005 4.16666666667e-06 1.04166666667e-06 80769200.0 2.47524752475e-06 0.833333333333 0.833333333333

section Elastic 125 210000000.0 0.0128 2.73066666667e-05 6.82666666667e-06 80769200.0 1.62217821782e-05 0.833333333333 0.833333333333

section Elastic 126 210000000.0 0.0128 2.73066666667e-05 6.82666666667e-06 80769200.0 1.62217821782e-05 0.833333333333 0.833333333333

section Elastic 127 210000000.0 0.000706858347058 1.81132451434e-07 1.81132451434e-07 80769200.0 3.62264902867e-07 0.9 0.9

section Elastic 128 210000000.0 0.0128 2.73066666667e-05 6.82666666667e-06 80769200.0 1.62217821782e-05 0.833333333333 0.833333333333

section Elastic 129 210000000.0 0.005 4.16666666667e-06 1.04166666667e-06 80769200.0 2.47524752475e-06 0.833333333333 0.833333333333

section Elastic 130 210000000.0 0.000706858347058 1.81132451434e-07 1.81132451434e-07 80769200.0 3.62264902867e-07 0.9 0.9

section Elastic 131 210000000.0 0.0128 2.73066666667e-05 6.82666666667e-06 80769200.0 1.62217821782e-05 0.833333333333 0.833333333333

section Elastic 132 210000000.0 0.00554176944093 1.11334148068e-05 1.11334148068e-05 80769200.0 2.22668296137e-05 0.9 0.9

section Elastic 133 210000000.0 0.005 4.16666666667e-06 1.04166666667e-06 80769200.0 2.47524752475e-06 0.833333333333 0.833333333333

section Elastic 134 210000000.0 0.0113097335529 4.6369907567e-05 4.6369907567e-05 80769200.0 9.2739815134e-05 0.9 0.9

section Elastic 135 210000000.0 0.0128 2.73066666667e-05 6.82666666667e-06 80769200.0 1.62217821782e-05 0.833333333333 0.833333333333

section Elastic 136 210000000.0 0.00817128249199 2.42053815619e-05 2.42053815619e-05 80769200.0 4.84107631238e-05 0.9 0.9

section Elastic 137 210000000.0 0.0128 2.73066666667e-05 6.82666666667e-06 80769200.0 1.62217821782e-05 0.833333333333 0.833333333333

section Elastic 138 210000000.0 0.00817128249199 2.42053815619e-05 2.42053815619e-05 80769200.0 4.84107631238e-05 0.9 0.9

section Elastic 139 210000000.0 0.0128 2.73066666667e-05 6.82666666667e-06 80769200.0 1.62217821782e-05 0.833333333333 0.833333333333

section Elastic 140 210000000.0 0.0128 2.73066666667e-05 6.82666666667e-06 80769200.0 1.62217821782e-05 0.833333333333 0.833333333333

section Elastic 141 210000000.0 0.005 4.16666666667e-06 1.04166666667e-06 80769200.0 2.47524752475e-06 0.833333333333 0.833333333333

section Elastic 142 210000000.0 0.0149571226237 8.11012581466e-05 8.11012581466e-05 80769200.0 0.000162202516293 0.9 0.9

section Elastic 143 210000000.0 0.0242 9.76066666667e-05 2.44016666667e-05 80769200.0 5.79841584158e-05 0.833333333333 0.833333333333

section Elastic 144 210000000.0 0.005 4.16666666667e-06 1.04166666667e-06 80769200.0 2.47524752475e-06 0.833333333333 0.833333333333

section Elastic 145 210000000.0 0.0113097335529 4.6369907567e-05 4.6369907567e-05 80769200.0 9.2739815134e-05 0.9 0.9

section Elastic 146 210000000.0 0.000706858347058 1.81132451434e-07 1.81132451434e-07 80769200.0 3.62264902867e-07 0.9 0.9

section Elastic 147 210000000.0 0.005 4.16666666667e-06 1.04166666667e-06 80769200.0 2.47524752475e-06 0.833333333333 0.833333333333

section Elastic 148 210000000.0 0.000706858347058 1.81132451434e-07 1.81132451434e-07 80769200.0 3.62264902867e-07 0.9 0.9

geomTransf Linear 1 0.0 -0.707106781187 0.707106781187
element forceBeamColumn 1 1 2 1 NewtonCotes 78 5 -mass 88.7814083904

geomTransf Linear 2 0.0 -0.707106781187 0.707106781187
element forceBeamColumn 2 2 3 2 NewtonCotes 112 5 -mass 43.5028901113

geomTransf Linear 3 0.0 -0.707106781187 0.707106781187
element forceBeamColumn 3 3 4 3 NewtonCotes 94 5 -mass 64.1445675621

geomTransf Linear 4 0.0 -0.707106781187 0.707106781187
element forceBeamColumn 4 4 5 4 NewtonCotes 134 5 -mass 88.7814083904

geomTransf Linear 5 0.707106781187 0.0 -0.707106781187
element forceBeamColumn 5 5 6 5 NewtonCotes 114 5 -mass 5.54883802440

geomTransf Linear 6 0.707106781187 0.0 -0.707106781187
element forceBeamColumn 6 6 7 6 NewtonCotes 107 5 -mass 5.54883802440

geomTransf Linear 7 0.707106781187 0.0 -0.707106781187
element forceBeamColumn 7 7 8 7 NewtonCotes 69 5 -mass 5.54883802440

geomTransf Linear 8 0.707106781187 0.0 -0.707106781187
element forceBeamColumn 8 8 9 8 NewtonCotes 37 5 -mass 5.54883802440

geomTransf Linear 9 0.0 0.707106781187 -0.707106781187
element forceBeamColumn 9 9 10 9 NewtonCotes 145 5 -mass 88.7814083904

geomTransf Linear 10 0.0 0.707106781187 -0.707106781187
element forceBeamColumn 10 10 11 10 NewtonCotes 119 5 -mass 64.1445675621

geomTransf Linear 11 0.0 0.707106781187 -0.707106781187
element forceBeamColumn 11 11 12 11 NewtonCotes 138 5 -mass 64.1445675621

geomTransf Linear 12 0.0 0.707106781187 -0.707106781187
element forceBeamColumn 12 12 13 12 NewtonCotes 42 5 -mass 88.7814083904

geomTransf Linear 13 -0.707106781187 0.0 0.707106781187
element forceBeamColumn 13 13 14 13 NewtonCotes 66 5 -mass 5.54883802440

geomTransf Linear 14 -0.707106781187 0.0 0.707106781187
element forceBeamColumn 14 14 15 14 NewtonCotes 23 5 -mass 5.54883802440

geomTransf Linear 15 -0.707106781187 0.0 0.707106781187
element forceBeamColumn 15 15 16 15 NewtonCotes 40 5 -mass 5.54883802440

geomTransf Linear 16 -0.707106781187 0.0 0.707106781187
element forceBeamColumn 16 16 1 16 NewtonCotes 43 5 -mass 5.54883802440

geomTransf Linear 17 0.0 -0.707106781187 0.707106781187
element forceBeamColumn 17 17 18 17 NewtonCotes 65 5 -mass 88.7814083904

geomTransf Linear 18 0.0 -0.707106781187 0.707106781187
element forceBeamColumn 18 18 19 18 NewtonCotes 10 5 -mass 64.1445675621

geomTransf Linear 19 0.0 -0.707106781187 0.707106781187
element forceBeamColumn 19 19 20 19 NewtonCotes 106 5 -mass 64.1445675621

geomTransf Linear 20 0.0 -0.707106781187 0.707106781187
element forceBeamColumn 20 20 21 20 NewtonCotes 68 5 -mass 88.7814083904

geomTransf Linear 21 0.707106781187 0.0 -0.707106781187
element forceBeamColumn 21 21 22 21 NewtonCotes 33 5 -mass 5.54883802440

geomTransf Linear 22 0.707106781187 0.0 -0.707106781187
element forceBeamColumn 22 22 23 22 NewtonCotes 130 5 -mass 5.54883802440

geomTransf Linear 23 0.707106781187 0.0 -0.707106781187
element forceBeamColumn 23 23 24 23 NewtonCotes 83 5 -mass 5.54883802440

geomTransf Linear 24 0.707106781187 0.0 -0.707106781187
element forceBeamColumn 24 24 25 24 NewtonCotes 15 5 -mass 5.54883802440

geomTransf Linear 25 0.0 0.707106781187 -0.707106781187
element forceBeamColumn 25 25 26 25 NewtonCotes 142 5 -mass 117.413412596

geomTransf Linear 26 0.0 0.707106781187 -0.707106781187
element forceBeamColumn 26 26 27 26 NewtonCotes 97 5 -mass 64.1445675621

geomTransf Linear 27 0.0 0.707106781187 -0.707106781187
element forceBeamColumn 27 27 28 27 NewtonCotes 4 5 -mass 64.1445675621

geomTransf Linear 28 0.0 0.707106781187 -0.707106781187
element forceBeamColumn 28 28 29 28 NewtonCotes 64 5 -mass 88.7814083904

geomTransf Linear 29 -0.707106781187 0.0 0.707106781187
element forceBeamColumn 29 29 30 29 NewtonCotes 146 5 -mass 5.54883802440

geomTransf Linear 30 -0.707106781187 0.0 0.707106781187
element forceBeamColumn 30 30 31 30 NewtonCotes 127 5 -mass 5.54883802440

geomTransf Linear 31 -0.707106781187 0.0 0.707106781187
element forceBeamColumn 31 31 32 31 NewtonCotes 60 5 -mass 5.54883802440

geomTransf Linear 32 -0.707106781187 0.0 0.707106781187
element forceBeamColumn 32 32 17 32 NewtonCotes 108 5 -mass 5.54883802440

geomTransf Linear 33 0.0 -0.707106781187 0.707106781187
element forceBeamColumn 33 33 34 33 NewtonCotes 76 5 -mass 88.7814083904

geomTransf Linear 34 0.0 -0.707106781187 0.707106781187
element forceBeamColumn 34 34 35 34 NewtonCotes 81 5 -mass 64.1445675621

geomTransf Linear 35 0.0 -0.707106781187 0.707106781187
element forceBeamColumn 35 35 36 35 NewtonCotes 136 5 -mass 64.1445675621

geomTransf Linear 36 0.0 -0.707106781187 0.707106781187
element forceBeamColumn 36 36 37 36 NewtonCotes 31 5 -mass 117.413412596

geomTransf Linear 37 0.707106781187 0.0 -0.707106781187
element forceBeamColumn 37 37 38 37 NewtonCotes 122 5 -mass 5.54883802440

geomTransf Linear 38 0.707106781187 0.0 -0.707106781187
element forceBeamColumn 38 38 39 38 NewtonCotes 12 5 -mass 5.54883802440

geomTransf Linear 39 0.707106781187 0.0 -0.707106781187
element forceBeamColumn 39 39 40 39 NewtonCotes 123 5 -mass 5.54883802440

geomTransf Linear 40 0.707106781187 0.0 -0.707106781187
element forceBeamColumn 40 40 41 40 NewtonCotes 18 5 -mass 5.54883802440

geomTransf Linear 41 0.0 0.707106781187 -0.707106781187
element forceBeamColumn 41 41 42 41 NewtonCotes 9 5 -mass 117.413412596

geomTransf Linear 42 0.0 0.707106781187 -0.707106781187
element forceBeamColumn 42 42 43 42 NewtonCotes 103 5 -mass 64.1445675621

geomTransf Linear 43 0.0 0.707106781187 -0.707106781187
element forceBeamColumn 43 43 44 43 NewtonCotes 47 5 -mass 64.1445675621

geomTransf Linear 44 0.0 0.707106781187 -0.707106781187
element forceBeamColumn 44 44 45 44 NewtonCotes 111 5 -mass 88.7814083904

geomTransf Linear 45 -0.707106781187 0.0 0.707106781187
element forceBeamColumn 45 45 46 45 NewtonCotes 89 5 -mass 5.54883802440

geomTransf Linear 46 -0.707106781187 0.0 0.707106781187
element forceBeamColumn 46 46 47 46 NewtonCotes 91 5 -mass 5.54883802440

geomTransf Linear 47 -0.707106781187 0.0 0.707106781187
element forceBeamColumn 47 47 48 47 NewtonCotes 104 5 -mass 5.54883802440

geomTransf Linear 48 -0.707106781187 0.0 0.707106781187
element forceBeamColumn 48 48 33 48 NewtonCotes 46 5 -mass 5.54883802440

geomTransf Linear 49 0.0 -0.707106781187 0.707106781187
element forceBeamColumn 49 49 50 49 NewtonCotes 98 5 -mass 64.1445675621

geomTransf Linear 50 0.0 -0.707106781187 0.707106781187
element forceBeamColumn 50 50 51 50 NewtonCotes 22 5 -mass 43.5028901113

geomTransf Linear 51 0.0 -0.707106781187 0.707106781187
element forceBeamColumn 51 51 52 51 NewtonCotes 38 5 -mass 43.5028901113

geomTransf Linear 52 0.0 -0.707106781187 0.707106781187
element forceBeamColumn 52 52 53 52 NewtonCotes 6 5 -mass 64.1445675621

geomTransf Linear 53 0.707106781187 0.0 -0.707106781187
element forceBeamColumn 53 53 54 53 NewtonCotes 74 5 -mass 5.54883802440

geomTransf Linear 54 0.707106781187 0.0 -0.707106781187
element forceBeamColumn 54 54 55 54 NewtonCotes 67 5 -mass 5.54883802440

geomTransf Linear 55 0.707106781187 0.0 -0.707106781187
element forceBeamColumn 55 55 56 55 NewtonCotes 24 5 -mass 5.54883802440

geomTransf Linear 56 0.707106781187 0.0 -0.707106781187
element forceBeamColumn 56 56 57 56 NewtonCotes 41 5 -mass 5.54883802440

geomTransf Linear 57 0.0 0.707106781187 -0.707106781187
element forceBeamColumn 57 57 58 57 NewtonCotes 50 5 -mass 64.1445675621

geomTransf Linear 58 0.0 0.707106781187 -0.707106781187
element forceBeamColumn 58 58 59 58 NewtonCotes 132 5 -mass 43.5028901113

geomTransf Linear 59 0.0 0.707106781187 -0.707106781187
element forceBeamColumn 59 59 60 59 NewtonCotes 99 5 -mass 43.5028901113

geomTransf Linear 60 0.0 0.707106781187 -0.707106781187
element forceBeamColumn 60 60 61 60 NewtonCotes 27 5 -mass 64.1445675621

geomTransf Linear 61 -0.707106781187 0.0 0.707106781187
element forceBeamColumn 61 61 62 61 NewtonCotes 59 5 -mass 5.54883802440

geomTransf Linear 62 -0.707106781187 0.0 0.707106781187
element forceBeamColumn 62 62 63 62 NewtonCotes 84 5 -mass 5.54883802440

geomTransf Linear 63 -0.707106781187 0.0 0.707106781187
element forceBeamColumn 63 63 64 63 NewtonCotes 16 5 -mass 5.54883802440

geomTransf Linear 64 -0.707106781187 0.0 0.707106781187
element forceBeamColumn 64 64 49 64 NewtonCotes 148 5 -mass 5.54883802440

geomTransf Linear 65 0.0 1.0 0.0
element forceBeamColumn 65 65 66 65 NewtonCotes 147 5 -mass 39.25

geomTransf Linear 66 0.0 1.0 0.0
element forceBeamColumn 66 66 67 66 NewtonCotes 133 5 -mass 39.25

geomTransf Linear 67 0.0 1.0 0.0
element forceBeamColumn 67 67 68 67 NewtonCotes 96 5 -mass 39.25

geomTransf Linear 68 0.0 1.0 0.0
element forceBeamColumn 68 68 1 68 NewtonCotes 2 5 -mass 39.25

geomTransf Linear 69 0.0 1.0 0.0
element forceBeamColumn 69 1 69 69 NewtonCotes 52 5 -mass 100.48

geomTransf Linear 70 0.0 1.0 0.0
element forceBeamColumn 70 69 70 70 NewtonCotes 141 5 -mass 39.25

geomTransf Linear 71 0.0 1.0 0.0
element forceBeamColumn 71 70 71 71 NewtonCotes 88 5 -mass 39.25

geomTransf Linear 72 0.0 1.0 0.0
element forceBeamColumn 72 71 17 72 NewtonCotes 77 5 -mass 39.25

geomTransf Linear 73 0.0 1.0 0.0
element forceBeamColumn 73 17 72 73 NewtonCotes 100 5 -mass 100.48

geomTransf Linear 74 0.0 1.0 0.0
element forceBeamColumn 74 72 73 74 NewtonCotes 21 5 -mass 39.25

geomTransf Linear 75 0.0 1.0 0.0
element forceBeamColumn 75 73 74 75 NewtonCotes 30 5 -mass 39.25

geomTransf Linear 76 0.0 1.0 0.0
element forceBeamColumn 76 74 33 76 NewtonCotes 102 5 -mass 100.48

geomTransf Linear 77 0.0 1.0 0.0
element forceBeamColumn 77 33 75 77 NewtonCotes 45 5 -mass 39.25

geomTransf Linear 78 0.0 1.0 0.0
element forceBeamColumn 78 75 76 78 NewtonCotes 90 5 -mass 39.25

geomTransf Linear 79 0.0 1.0 0.0
element forceBeamColumn 79 76 77 79 NewtonCotes 93 5 -mass 39.25

geomTransf Linear 80 0.0 1.0 0.0
element forceBeamColumn 80 77 49 80 NewtonCotes 128 5 -mass 100.48

geomTransf Linear 81 0.0 1.0 0.0
element forceBeamColumn 81 78 79 81 NewtonCotes 61 5 -mass 189.97

geomTransf Linear 82 0.0 1.0 0.0
element forceBeamColumn 82 79 80 82 NewtonCotes 101 5 -mass 189.97

geomTransf Linear 83 0.0 1.0 0.0
element forceBeamColumn 83 80 81 83 NewtonCotes 39 5 -mass 100.48

geomTransf Linear 84 0.0 1.0 0.0
element forceBeamColumn 84 81 5 84 NewtonCotes 25 5 -mass 100.48

geomTransf Linear 85 0.0 1.0 0.0
element forceBeamColumn 85 5 82 85 NewtonCotes 44 5 -mass 100.48

geomTransf Linear 86 0.0 1.0 0.0
element forceBeamColumn 86 82 83 86 NewtonCotes 86 5 -mass 100.48

geomTransf Linear 87 0.0 1.0 0.0
element forceBeamColumn 87 83 84 87 NewtonCotes 35 5 -mass 100.48

geomTransf Linear 88 0.0 1.0 0.0
element forceBeamColumn 88 84 21 88 NewtonCotes 135 5 -mass 100.48

geomTransf Linear 89 0.0 1.0 0.0
element forceBeamColumn 89 21 85 89 NewtonCotes 29 5 -mass 100.48

geomTransf Linear 90 0.0 1.0 0.0
element forceBeamColumn 90 85 86 90 NewtonCotes 80 5 -mass 100.48

geomTransf Linear 91 0.0 1.0 0.0
element forceBeamColumn 91 86 87 91 NewtonCotes 126 5 -mass 100.48

geomTransf Linear 92 0.0 1.0 0.0
element forceBeamColumn 92 87 37 92 NewtonCotes 53 5 -mass 100.48

geomTransf Linear 93 0.0 1.0 0.0
element forceBeamColumn 93 37 88 93 NewtonCotes 49 5 -mass 100.48

geomTransf Linear 94 0.0 1.0 0.0
element forceBeamColumn 94 88 89 94 NewtonCotes 125 5 -mass 100.48

geomTransf Linear 95 0.0 1.0 0.0
element forceBeamColumn 95 89 90 95 NewtonCotes 48 5 -mass 100.48

geomTransf Linear 96 0.0 1.0 0.0
element forceBeamColumn 96 90 53 96 NewtonCotes 120 5 -mass 100.48

geomTransf Linear 97 0.0 1.0 0.0
element forceBeamColumn 97 91 92 97 NewtonCotes 143 5 -mass 189.97

geomTransf Linear 98 0.0 1.0 0.0
element forceBeamColumn 98 92 93 98 NewtonCotes 95 5 -mass 100.48

geomTransf Linear 99 0.0 1.0 0.0
element forceBeamColumn 99 93 94 99 NewtonCotes 139 5 -mass 100.48

geomTransf Linear 100 0.0 1.0 0.0
element forceBeamColumn 100 94 9 100 NewtonCotes 54 5 -mass 100.48

geomTransf Linear 101 0.0 1.0 0.0
element forceBeamColumn 101 9 95 101 NewtonCotes 55 5 -mass 100.48

geomTransf Linear 102 0.0 1.0 0.0
element forceBeamColumn 102 95 96 102 NewtonCotes 51 5 -mass 100.48

geomTransf Linear 103 0.0 1.0 0.0
element forceBeamColumn 103 96 97 103 NewtonCotes 140 5 -mass 100.48

geomTransf Linear 104 0.0 1.0 0.0
element forceBeamColumn 104 97 25 104 NewtonCotes 62 5 -mass 100.48

geomTransf Linear 105 0.0 1.0 0.0
element forceBeamColumn 105 25 98 105 NewtonCotes 121 5 -mass 100.48

geomTransf Linear 106 0.0 1.0 0.0
element forceBeamColumn 106 98 99 106 NewtonCotes 8 5 -mass 100.48

geomTransf Linear 107 0.0 1.0 0.0
element forceBeamColumn 107 99 100 107 NewtonCotes 85 5 -mass 100.48

geomTransf Linear 108 0.0 1.0 0.0
element forceBeamColumn 108 100 41 108 NewtonCotes 28 5 -mass 100.48

geomTransf Linear 109 0.0 1.0 0.0
element forceBeamColumn 109 41 101 109 NewtonCotes 70 5 -mass 100.48

geomTransf Linear 110 0.0 1.0 0.0
element forceBeamColumn 110 101 102 110 NewtonCotes 19 5 -mass 100.48

geomTransf Linear 111 0.0 1.0 0.0
element forceBeamColumn 111 102 103 111 NewtonCotes 14 5 -mass 100.48

geomTransf Linear 112 0.0 1.0 0.0
element forceBeamColumn 112 103 57 112 NewtonCotes 131 5 -mass 100.48

geomTransf Linear 113 0.0 1.0 0.0
element forceBeamColumn 113 104 105 113 NewtonCotes 92 5 -mass 100.48

geomTransf Linear 114 0.0 1.0 0.0
element forceBeamColumn 114 105 106 114 NewtonCotes 115 5 -mass 100.48

geomTransf Linear 115 0.0 1.0 0.0
element forceBeamColumn 115 106 107 115 NewtonCotes 116 5 -mass 39.25

geomTransf Linear 116 0.0 1.0 0.0
element forceBeamColumn 116 107 13 116 NewtonCotes 110 5 -mass 39.25

geomTransf Linear 117 0.0 1.0 0.0
element forceBeamColumn 117 13 108 117 NewtonCotes 87 5 -mass 100.48

geomTransf Linear 118 0.0 1.0 0.0
element forceBeamColumn 118 108 109 118 NewtonCotes 32 5 -mass 100.48

geomTransf Linear 119 0.0 1.0 0.0
element forceBeamColumn 119 109 110 119 NewtonCotes 124 5 -mass 39.25

geomTransf Linear 120 0.0 1.0 0.0
element forceBeamColumn 120 110 29 120 NewtonCotes 7 5 -mass 100.48

geomTransf Linear 121 0.0 1.0 0.0
element forceBeamColumn 121 29 111 121 NewtonCotes 79 5 -mass 100.48

geomTransf Linear 122 0.0 1.0 0.0
element forceBeamColumn 122 111 112 122 NewtonCotes 109 5 -mass 100.48

geomTransf Linear 123 0.0 1.0 0.0
element forceBeamColumn 123 112 113 123 NewtonCotes 71 5 -mass 100.48

geomTransf Linear 124 0.0 1.0 0.0
element forceBeamColumn 124 113 45 124 NewtonCotes 11 5 -mass 100.48

geomTransf Linear 125 0.0 1.0 0.0
element forceBeamColumn 125 45 114 125 NewtonCotes 113 5 -mass 100.48

geomTransf Linear 126 0.0 1.0 0.0
element forceBeamColumn 126 114 115 126 NewtonCotes 82 5 -mass 39.25

geomTransf Linear 127 0.0 1.0 0.0
element forceBeamColumn 127 115 116 127 NewtonCotes 1 5 -mass 100.48

geomTransf Linear 128 0.0 1.0 0.0
element forceBeamColumn 128 116 61 128 NewtonCotes 5 5 -mass 100.48

geomTransf Linear 129 0.0 1.0 0.0
element forceBeamColumn 129 65 66 129 NewtonCotes 63 5 -mass 39.25

geomTransf Linear 130 0.0 1.0 0.0
element forceBeamColumn 130 66 67 130 NewtonCotes 144 5 -mass 39.25

geomTransf Linear 131 0.0 1.0 0.0
element forceBeamColumn 131 67 68 131 NewtonCotes 105 5 -mass 39.25

geomTransf Linear 132 0.0 1.0 0.0
element forceBeamColumn 132 68 1 132 NewtonCotes 36 5 -mass 39.25

geomTransf Linear 133 0.0 1.0 0.0
element forceBeamColumn 133 1 69 133 NewtonCotes 137 5 -mass 100.48

geomTransf Linear 134 0.0 1.0 0.0
element forceBeamColumn 134 69 70 134 NewtonCotes 34 5 -mass 39.25

geomTransf Linear 135 0.0 1.0 0.0
element forceBeamColumn 135 70 71 135 NewtonCotes 117 5 -mass 39.25

geomTransf Linear 136 0.0 1.0 0.0
element forceBeamColumn 136 71 17 136 NewtonCotes 129 5 -mass 39.25

geomTransf Linear 137 0.0 1.0 0.0
element forceBeamColumn 137 17 72 137 NewtonCotes 58 5 -mass 100.48

geomTransf Linear 138 0.0 1.0 0.0
element forceBeamColumn 138 72 73 138 NewtonCotes 75 5 -mass 39.25

geomTransf Linear 139 0.0 1.0 0.0
element forceBeamColumn 139 73 74 139 NewtonCotes 72 5 -mass 39.25

geomTransf Linear 140 0.0 1.0 0.0
element forceBeamColumn 140 74 33 140 NewtonCotes 20 5 -mass 100.48

geomTransf Linear 141 0.0 1.0 0.0
element forceBeamColumn 141 33 75 141 NewtonCotes 26 5 -mass 39.25

geomTransf Linear 142 0.0 1.0 0.0
element forceBeamColumn 142 75 76 142 NewtonCotes 17 5 -mass 39.25

geomTransf Linear 143 0.0 1.0 0.0
element forceBeamColumn 143 76 77 143 NewtonCotes 3 5 -mass 39.25

geomTransf Linear 144 0.0 1.0 0.0
element forceBeamColumn 144 77 49 144 NewtonCotes 56 5 -mass 100.48

element ShellDKGT 145 117 118 119 57

element ShellDKGT 146 120 121 122 57

element ShellDKGT 147 123 124 125 57

element ShellDKGT 148 126 121 127 57

element ShellDKGT 149 14 128 127 57

element ShellDKGT 150 129 124 130 57

element ShellDKGT 151 131 125 132 57

element ShellDKGT 152 133 7 134 57

element ShellDKGT 153 135 136 137 57

element ShellDKGT 154 138 8 139 57

element ShellDKGT 155 118 1 119 57

element ShellDKGT 156 138 140 8 57

element ShellDKGT 157 141 128 15 57

element ShellDKGT 158 133 134 140 57

element ShellDKGT 159 142 5 143 57

element ShellDKGT 160 12 144 145 57

element ShellDKGT 161 146 117 2 57

element ShellDKGT 162 147 148 149 57

element ShellDKGT 163 137 6 150 57

element ShellDKGT 164 141 151 152 57

element ShellDKGT 165 121 144 12 57

element ShellDKGT 166 134 8 140 57

element ShellDKGT 167 153 154 125 57

element ShellDKGT 168 139 9 155 57

element ShellDKGT 169 147 152 130 57

element ShellDKGT 170 131 153 125 57

element ShellDKGT 171 156 132 129 57

element ShellDKGT 172 138 10 157 57

element ShellDKGT 173 138 139 155 57

element ShellDKGT 174 158 159 140 57

element ShellDKGT 175 160 146 2 57

element ShellDKGT 176 157 161 162 57

element ShellDKGT 177 163 164 3 57

element ShellDKGT 178 165 11 145 57

element ShellDKGT 179 136 142 143 57

element ShellDKGT 180 158 166 167 57

element ShellDKGT 181 159 158 167 57

element ShellDKGT 182 122 13 120 57

element ShellDKGT 183 168 169 170 57

element ShellDKGT 184 156 129 171 57

element ShellDKGT 185 129 151 171 57

element ShellDKGT 186 165 162 11 57

element ShellDKGT 187 121 14 127 57

element ShellDKGT 188 172 173 170 57

element ShellDKGT 189 174 16 118 57

element ShellDKGT 190 117 174 118 57

element ShellDKGT 191 123 175 124 57

element ShellDKGT 192 16 174 171 57

element ShellDKGT 193 150 169 137 57

element ShellDKGT 194 174 156 171 57

element ShellDKGT 195 172 176 177 57

element ShellDKGT 196 162 161 11 57

element ShellDKGT 197 166 158 157 57

element ShellDKGT 198 167 172 159 57

element ShellDKGT 199 178 131 132 57

element ShellDKGT 200 169 7 133 57

element ShellDKGT 201 169 150 7 57

element ShellDKGT 202 148 176 179 57

element ShellDKGT 203 171 151 15 57

element ShellDKGT 204 155 10 138 57

element ShellDKGT 205 153 135 154 57

element ShellDKGT 206 175 147 130 57

element ShellDKGT 207 177 148 175 57

element ShellDKGT 208 173 172 177 57

element ShellDKGT 209 132 156 178 57

element ShellDKGT 210 138 158 140 57

element ShellDKGT 211 169 168 137 57

element ShellDKGT 212 152 126 127 57

element ShellDKGT 213 136 143 6 57

element ShellDKGT 214 136 180 142 57

element ShellDKGT 215 180 4 142 57

element ShellDKGT 216 4 164 163 57

element ShellDKGT 217 146 131 178 57

element ShellDKGT 218 177 123 173 57

element ShellDKGT 219 124 132 125 57

element ShellDKGT 220 141 127 128 57

element ShellDKGT 221 151 130 152 57

element ShellDKGT 222 165 144 149 57

element ShellDKGT 223 181 171 15 57

element ShellDKGT 224 14 121 120 57

element ShellDKGT 225 151 129 130 57

element ShellDKGT 226 168 173 154 57

element ShellDKGT 227 170 133 159 57

element ShellDKGT 228 121 12 122 57

element ShellDKGT 229 127 141 152 57

element ShellDKGT 230 166 157 162 57

element ShellDKGT 231 135 168 154 57

element ShellDKGT 232 129 132 124 57

element ShellDKGT 233 166 162 179 57

element ShellDKGT 234 3 153 131 57

element ShellDKGT 235 131 160 3 57

element ShellDKGT 236 166 179 176 57

element ShellDKGT 237 133 140 159 57

element ShellDKGT 238 4 180 164 57

element ShellDKGT 239 133 170 169 57

element ShellDKGT 240 117 178 174 57

element ShellDKGT 241 162 165 179 57

element ShellDKGT 242 144 121 126 57

element ShellDKGT 243 176 148 177 57

element ShellDKGT 244 166 176 167 57

element ShellDKGT 245 135 153 164 57

element ShellDKGT 246 147 175 148 57

element ShellDKGT 247 181 16 171 57

element ShellDKGT 248 170 159 172 57

element ShellDKGT 249 161 157 10 57

element ShellDKGT 250 141 15 151 57

element ShellDKGT 251 119 2 117 57

element ShellDKGT 252 175 130 124 57

element ShellDKGT 253 153 3 164 57

element ShellDKGT 254 156 174 178 57

element ShellDKGT 255 148 179 149 57

element ShellDKGT 256 173 168 170 57

element ShellDKGT 257 123 154 173 57

element ShellDKGT 258 180 135 164 57

element ShellDKGT 259 144 126 149 57

element ShellDKGT 260 144 165 145 57

element ShellDKGT 261 178 117 146 57

element ShellDKGT 262 180 136 135 57

element ShellDKGT 263 154 123 125 57

element ShellDKGT 264 168 135 137 57

element ShellDKGT 265 158 138 157 57

element ShellDKGT 266 160 131 146 57

element ShellDKGT 267 126 152 147 57

element ShellDKGT 268 147 149 126 57

element ShellDKGT 269 179 165 149 57

element ShellDKGT 270 123 177 175 57

element ShellDKGT 271 136 6 137 57

element ShellDKGT 272 176 172 167 57

element ShellDKGT 273 182 183 184 13

element ShellDKGT 274 185 186 187 13

element ShellDKGT 275 188 189 190 13

element ShellDKGT 276 191 186 192 13

element ShellDKGT 277 30 193 192 13

element ShellDKGT 278 194 189 195 13

element ShellDKGT 279 196 190 197 13

element ShellDKGT 280 198 23 199 13

element ShellDKGT 281 200 201 202 13

element ShellDKGT 282 203 24 204 13

element ShellDKGT 283 183 17 184 13

element ShellDKGT 284 203 205 24 13

element ShellDKGT 285 206 193 31 13

element ShellDKGT 286 198 199 205 13

element ShellDKGT 287 207 21 208 13

element ShellDKGT 288 28 209 210 13

element ShellDKGT 289 211 182 18 13

element ShellDKGT 290 212 213 214 13

element ShellDKGT 291 202 22 215 13

element ShellDKGT 292 206 216 217 13

element ShellDKGT 293 186 209 28 13

element ShellDKGT 294 199 24 205 13

element ShellDKGT 295 218 219 190 13

element ShellDKGT 296 204 25 220 13

element ShellDKGT 297 212 217 195 13

element ShellDKGT 298 196 218 190 13

element ShellDKGT 299 221 197 194 13

element ShellDKGT 300 203 26 222 13

element ShellDKGT 301 203 204 220 13

element ShellDKGT 302 223 224 205 13

element ShellDKGT 303 225 211 18 13

element ShellDKGT 304 222 226 227 13

element ShellDKGT 305 228 229 19 13

element ShellDKGT 306 230 27 210 13

element ShellDKGT 307 201 207 208 13

element ShellDKGT 308 223 231 232 13

element ShellDKGT 309 224 223 232 13

element ShellDKGT 310 187 29 185 13

element ShellDKGT 311 233 234 235 13

element ShellDKGT 312 221 194 236 13

element ShellDKGT 313 194 216 236 13

element ShellDKGT 314 230 227 27 13

element ShellDKGT 315 186 30 192 13

element ShellDKGT 316 237 238 235 13

element ShellDKGT 317 239 32 183 13

element ShellDKGT 318 182 239 183 13

element ShellDKGT 319 188 240 189 13

element ShellDKGT 320 32 239 236 13

element ShellDKGT 321 215 234 202 13

element ShellDKGT 322 239 221 236 13

element ShellDKGT 323 237 241 242 13

element ShellDKGT 324 227 226 27 13

element ShellDKGT 325 231 223 222 13

element ShellDKGT 326 232 237 224 13

element ShellDKGT 327 243 196 197 13

element ShellDKGT 328 234 23 198 13

element ShellDKGT 329 234 215 23 13

element ShellDKGT 330 213 241 244 13

element ShellDKGT 331 236 216 31 13

element ShellDKGT 332 220 26 203 13

element ShellDKGT 333 218 200 219 13

element ShellDKGT 334 240 212 195 13

element ShellDKGT 335 242 213 240 13

element ShellDKGT 336 238 237 242 13

element ShellDKGT 337 197 221 243 13

element ShellDKGT 338 203 223 205 13

element ShellDKGT 339 234 233 202 13

element ShellDKGT 340 217 191 192 13

element ShellDKGT 341 201 208 22 13

element ShellDKGT 342 201 245 207 13

element ShellDKGT 343 245 20 207 13

element ShellDKGT 344 20 229 228 13

element ShellDKGT 345 211 196 243 13

element ShellDKGT 346 242 188 238 13

element ShellDKGT 347 189 197 190 13

element ShellDKGT 348 206 192 193 13

element ShellDKGT 349 216 195 217 13

element ShellDKGT 350 230 209 214 13

element ShellDKGT 351 246 236 31 13

element ShellDKGT 352 30 186 185 13

element ShellDKGT 353 216 194 195 13

element ShellDKGT 354 233 238 219 13

element ShellDKGT 355 235 198 224 13

element ShellDKGT 356 186 28 187 13

element ShellDKGT 357 192 206 217 13

element ShellDKGT 358 231 222 227 13

element ShellDKGT 359 200 233 219 13

element ShellDKGT 360 194 197 189 13

element ShellDKGT 361 231 227 244 13

element ShellDKGT 362 19 218 196 13

element ShellDKGT 363 196 225 19 13

element ShellDKGT 364 231 244 241 13

element ShellDKGT 365 198 205 224 13

element ShellDKGT 366 20 245 229 13

element ShellDKGT 367 198 235 234 13

element ShellDKGT 368 182 243 239 13

element ShellDKGT 369 227 230 244 13

element ShellDKGT 370 209 186 191 13

element ShellDKGT 371 241 213 242 13

element ShellDKGT 372 231 241 232 13

element ShellDKGT 373 200 218 229 13

element ShellDKGT 374 212 240 213 13

element ShellDKGT 375 246 32 236 13

element ShellDKGT 376 235 224 237 13

element ShellDKGT 377 226 222 26 13

element ShellDKGT 378 206 31 216 13

element ShellDKGT 379 184 18 182 13

element ShellDKGT 380 240 195 189 13

element ShellDKGT 381 218 19 229 13

element ShellDKGT 382 221 239 243 13

element ShellDKGT 383 213 244 214 13

element ShellDKGT 384 238 233 235 13

element ShellDKGT 385 188 219 238 13

element ShellDKGT 386 245 200 229 13

element ShellDKGT 387 209 191 214 13

element ShellDKGT 388 209 230 210 13

element ShellDKGT 389 243 182 211 13

element ShellDKGT 390 245 201 200 13

element ShellDKGT 391 219 188 190 13

element ShellDKGT 392 233 200 202 13

element ShellDKGT 393 223 203 222 13

element ShellDKGT 394 225 196 211 13

element ShellDKGT 395 191 217 212 13

element ShellDKGT 396 212 214 191 13

element ShellDKGT 397 244 230 214 13

element ShellDKGT 398 188 242 240 13

element ShellDKGT 399 201 22 202 13

element ShellDKGT 400 241 237 232 13

element ShellDKGT 401 247 248 249 118

element ShellDKGT 402 250 251 252 118

element ShellDKGT 403 253 254 255 118

element ShellDKGT 404 256 251 257 118

element ShellDKGT 405 46 258 257 118

element ShellDKGT 406 259 254 260 118

element ShellDKGT 407 261 255 262 118

element ShellDKGT 408 263 39 264 118

element ShellDKGT 409 265 266 267 118

element ShellDKGT 410 268 40 269 118

element ShellDKGT 411 248 33 249 118

element ShellDKGT 412 268 270 40 118

element ShellDKGT 413 271 258 47 118

element ShellDKGT 414 263 264 270 118

element ShellDKGT 415 272 37 273 118

element ShellDKGT 416 44 274 275 118

element ShellDKGT 417 276 247 34 118

element ShellDKGT 418 277 278 279 118

element ShellDKGT 419 267 38 280 118

element ShellDKGT 420 271 281 282 118

element ShellDKGT 421 251 274 44 118

element ShellDKGT 422 264 40 270 118

element ShellDKGT 423 283 284 255 118

element ShellDKGT 424 269 41 285 118

element ShellDKGT 425 277 282 260 118

element ShellDKGT 426 261 283 255 118

element ShellDKGT 427 286 262 259 118

element ShellDKGT 428 268 42 287 118

element ShellDKGT 429 268 269 285 118

element ShellDKGT 430 288 289 270 118

element ShellDKGT 431 290 276 34 118

element ShellDKGT 432 287 291 292 118

element ShellDKGT 433 293 294 35 118

element ShellDKGT 434 295 43 275 118

element ShellDKGT 435 266 272 273 118

element ShellDKGT 436 288 296 297 118

element ShellDKGT 437 289 288 297 118

element ShellDKGT 438 252 45 250 118

element ShellDKGT 439 298 299 300 118

element ShellDKGT 440 286 259 301 118

element ShellDKGT 441 259 281 301 118

element ShellDKGT 442 295 292 43 118

element ShellDKGT 443 251 46 257 118

element ShellDKGT 444 302 303 300 118

element ShellDKGT 445 304 48 248 118

element ShellDKGT 446 247 304 248 118

element ShellDKGT 447 253 305 254 118

element ShellDKGT 448 48 304 301 118

element ShellDKGT 449 280 299 267 118

element ShellDKGT 450 304 286 301 118

element ShellDKGT 451 302 306 307 118

element ShellDKGT 452 292 291 43 118

element ShellDKGT 453 296 288 287 118

element ShellDKGT 454 297 302 289 118

element ShellDKGT 455 308 261 262 118

element ShellDKGT 456 299 39 263 118

element ShellDKGT 457 299 280 39 118

element ShellDKGT 458 278 306 309 118

element ShellDKGT 459 301 281 47 118

element ShellDKGT 460 285 42 268 118

element ShellDKGT 461 283 265 284 118

element ShellDKGT 462 305 277 260 118

element ShellDKGT 463 307 278 305 118

element ShellDKGT 464 303 302 307 118

element ShellDKGT 465 262 286 308 118

element ShellDKGT 466 268 288 270 118

element ShellDKGT 467 299 298 267 118

element ShellDKGT 468 282 256 257 118

element ShellDKGT 469 266 273 38 118

element ShellDKGT 470 266 310 272 118

element ShellDKGT 471 310 36 272 118

element ShellDKGT 472 36 294 293 118

element ShellDKGT 473 276 261 308 118

element ShellDKGT 474 307 253 303 118

element ShellDKGT 475 254 262 255 118

element ShellDKGT 476 271 257 258 118

element ShellDKGT 477 281 260 282 118

element ShellDKGT 478 295 274 279 118

element ShellDKGT 479 311 301 47 118

element ShellDKGT 480 46 251 250 118

element ShellDKGT 481 281 259 260 118

element ShellDKGT 482 298 303 284 118

element ShellDKGT 483 300 263 289 118

element ShellDKGT 484 251 44 252 118

element ShellDKGT 485 257 271 282 118

element ShellDKGT 486 296 287 292 118

element ShellDKGT 487 265 298 284 118

element ShellDKGT 488 259 262 254 118

element ShellDKGT 489 296 292 309 118

element ShellDKGT 490 35 283 261 118

element ShellDKGT 491 261 290 35 118

element ShellDKGT 492 296 309 306 118

element ShellDKGT 493 263 270 289 118

element ShellDKGT 494 36 310 294 118

element ShellDKGT 495 263 300 299 118

element ShellDKGT 496 247 308 304 118

element ShellDKGT 497 292 295 309 118

element ShellDKGT 498 274 251 256 118

element ShellDKGT 499 306 278 307 118

element ShellDKGT 500 296 306 297 118

element ShellDKGT 501 265 283 294 118

element ShellDKGT 502 277 305 278 118

element ShellDKGT 503 311 48 301 118

element ShellDKGT 504 300 289 302 118

element ShellDKGT 505 291 287 42 118

element ShellDKGT 506 271 47 281 118

element ShellDKGT 507 249 34 247 118

element ShellDKGT 508 305 260 254 118

element ShellDKGT 509 283 35 294 118

element ShellDKGT 510 286 304 308 118

element ShellDKGT 511 278 309 279 118

element ShellDKGT 512 303 298 300 118

element ShellDKGT 513 253 284 303 118

element ShellDKGT 514 310 265 294 118

element ShellDKGT 515 274 256 279 118

element ShellDKGT 516 274 295 275 118

element ShellDKGT 517 308 247 276 118

element ShellDKGT 518 310 266 265 118

element ShellDKGT 519 284 253 255 118

element ShellDKGT 520 298 265 267 118

element ShellDKGT 521 288 268 287 118

element ShellDKGT 522 290 261 276 118

element ShellDKGT 523 256 282 277 118

element ShellDKGT 524 277 279 256 118

element ShellDKGT 525 309 295 279 118

element ShellDKGT 526 253 307 305 118

element ShellDKGT 527 266 38 267 118

element ShellDKGT 528 306 302 297 118

element ShellDKGT 529 312 313 314 73

element ShellDKGT 530 315 316 317 73

element ShellDKGT 531 318 319 320 73

element ShellDKGT 532 321 316 322 73

element ShellDKGT 533 62 323 322 73

element ShellDKGT 534 324 319 325 73

element ShellDKGT 535 326 320 327 73

element ShellDKGT 536 328 55 329 73

element ShellDKGT 537 330 331 332 73

element ShellDKGT 538 333 56 334 73

element ShellDKGT 539 313 49 314 73

element ShellDKGT 540 333 335 56 73

element ShellDKGT 541 336 323 63 73

element ShellDKGT 542 328 329 335 73

element ShellDKGT 543 337 53 338 73

element ShellDKGT 544 60 339 340 73

element ShellDKGT 545 341 312 50 73

element ShellDKGT 546 342 343 344 73

element ShellDKGT 547 332 54 345 73

element ShellDKGT 548 336 346 347 73

element ShellDKGT 549 316 339 60 73

element ShellDKGT 550 329 56 335 73

element ShellDKGT 551 348 349 320 73

element ShellDKGT 552 334 57 350 73

element ShellDKGT 553 342 347 325 73

element ShellDKGT 554 326 348 320 73

element ShellDKGT 555 351 327 324 73

element ShellDKGT 556 333 58 352 73

element ShellDKGT 557 333 334 350 73

element ShellDKGT 558 353 354 335 73

element ShellDKGT 559 355 341 50 73

element ShellDKGT 560 352 356 357 73

element ShellDKGT 561 358 359 51 73

element ShellDKGT 562 360 59 340 73

element ShellDKGT 563 331 337 338 73

element ShellDKGT 564 353 361 362 73

element ShellDKGT 565 354 353 362 73

element ShellDKGT 566 317 61 315 73

element ShellDKGT 567 363 364 365 73

element ShellDKGT 568 351 324 366 73

element ShellDKGT 569 324 346 366 73

element ShellDKGT 570 360 357 59 73

element ShellDKGT 571 316 62 322 73

element ShellDKGT 572 367 368 365 73

element ShellDKGT 573 369 64 313 73

element ShellDKGT 574 312 369 313 73

element ShellDKGT 575 318 370 319 73

element ShellDKGT 576 64 369 366 73

element ShellDKGT 577 345 364 332 73

element ShellDKGT 578 369 351 366 73

element ShellDKGT 579 367 371 372 73

element ShellDKGT 580 357 356 59 73

element ShellDKGT 581 361 353 352 73

element ShellDKGT 582 362 367 354 73

element ShellDKGT 583 373 326 327 73

element ShellDKGT 584 364 55 328 73

element ShellDKGT 585 364 345 55 73

element ShellDKGT 586 343 371 374 73

element ShellDKGT 587 366 346 63 73

element ShellDKGT 588 350 58 333 73

element ShellDKGT 589 348 330 349 73

element ShellDKGT 590 370 342 325 73

element ShellDKGT 591 372 343 370 73

element ShellDKGT 592 368 367 372 73

element ShellDKGT 593 327 351 373 73

element ShellDKGT 594 333 353 335 73

element ShellDKGT 595 364 363 332 73

element ShellDKGT 596 347 321 322 73

element ShellDKGT 597 331 338 54 73

element ShellDKGT 598 331 375 337 73

element ShellDKGT 599 375 52 337 73

element ShellDKGT 600 52 359 358 73

element ShellDKGT 601 341 326 373 73

element ShellDKGT 602 372 318 368 73

element ShellDKGT 603 319 327 320 73

element ShellDKGT 604 336 322 323 73

element ShellDKGT 605 346 325 347 73

element ShellDKGT 606 360 339 344 73

element ShellDKGT 607 376 366 63 73

element ShellDKGT 608 62 316 315 73

element ShellDKGT 609 346 324 325 73

element ShellDKGT 610 363 368 349 73

element ShellDKGT 611 365 328 354 73

element ShellDKGT 612 316 60 317 73

element ShellDKGT 613 322 336 347 73

element ShellDKGT 614 361 352 357 73

element ShellDKGT 615 330 363 349 73

element ShellDKGT 616 324 327 319 73

element ShellDKGT 617 361 357 374 73

element ShellDKGT 618 51 348 326 73

element ShellDKGT 619 326 355 51 73

element ShellDKGT 620 361 374 371 73

element ShellDKGT 621 328 335 354 73

element ShellDKGT 622 52 375 359 73

element ShellDKGT 623 328 365 364 73

element ShellDKGT 624 312 373 369 73

element ShellDKGT 625 357 360 374 73

element ShellDKGT 626 339 316 321 73

element ShellDKGT 627 371 343 372 73

element ShellDKGT 628 361 371 362 73

element ShellDKGT 629 330 348 359 73

element ShellDKGT 630 342 370 343 73

element ShellDKGT 631 376 64 366 73

element ShellDKGT 632 365 354 367 73

element ShellDKGT 633 356 352 58 73

element ShellDKGT 634 336 63 346 73

element ShellDKGT 635 314 50 312 73

element ShellDKGT 636 370 325 319 73

element ShellDKGT 637 348 51 359 73

element ShellDKGT 638 351 369 373 73

element ShellDKGT 639 343 374 344 73

element ShellDKGT 640 368 363 365 73

element ShellDKGT 641 318 349 368 73

element ShellDKGT 642 375 330 359 73

element ShellDKGT 643 339 321 344 73

element ShellDKGT 644 339 360 340 73

element ShellDKGT 645 373 312 341 73

element ShellDKGT 646 375 331 330 73

element ShellDKGT 647 349 318 320 73

element ShellDKGT 648 363 330 332 73

element ShellDKGT 649 353 333 352 73

element ShellDKGT 650 355 326 341 73

element ShellDKGT 651 321 347 342 73

element ShellDKGT 652 342 344 321 73

element ShellDKGT 653 374 360 344 73

element ShellDKGT 654 318 372 370 73

element ShellDKGT 655 331 54 332 73

element ShellDKGT 656 371 367 362 73

timeSeries Constant 1 -factor 1

pattern Plain 1 1 {
	load 53 100.0 0.0 0.0 0.0 0.0 0.0
	load 57 100.0 0.0 0.0 0.0 0.0 0.0
	load 61 100.0 0.0 0.0 0.0 0.0 0.0
	load 49 100.0 0.0 0.0 0.0 0.0 0.0
}

recorder mpco recorder.mpco -N  displacement rotation reactionForce reactionMoment -E  force stresses section.force section.fiber.stress
constraints Transformation
numberer RCM
system BandSPD
test NormDispIncr 1.0e-6 12 5
algorithm Linear
integrator LoadControl 1.0
analysis Static
analyze 1 

wipe
