[[0, 15.0, 0.0, 10.0], [1, 20.0, 0.0, 5.0], [2, 15.0, 5.0, 10.0], [3, 20.0, 5.0, 5.0], [4, 20.0, 0.0, 10.0], [5, 25.0, 0.0, 5.0], [6, 20.0, 5.0, 10.0], [7, 25.0, 5.0, 5.0]]
[[1, [0.0, 1.0, 0.0]]]
[['Truss', 0, [0, 1], 0.04523893421169304, 210000000.0, 80760000.0, 0.0014838370421435315, 0.00074191852107176575, 0.00074191852107176575, 1, 3.3929200658769778, 0.040715040790523738, 0.040715040790523738, [[0.0, 1.0, 0.0], [0.70710678118654746, 0.0, 0.70710678118654746], [0.70710678118654746, 0.0, -0.70710678118654746]], ['circular', 0.40000000000000002, 0.040000000000000001], 1, [255, 200, 0, 255]], ['Truss', 1, [2, 3], 0.04523893421169304, 210000000.0, 80760000.0, 0.0014838370421435315, 0.00074191852107176575, 0.00074191852107176575, 1, 3.3929200658769778, 0.040715040790523738, 0.040715040790523738, [[0.0, 1.0, 0.0], [0.70710678118654746, 0.0, 0.70710678118654746], [0.70710678118654746, 0.0, -0.70710678118654746]], ['circular', 0.40000000000000002, 0.040000000000000001], 1, [255, 200, 0, 255]], ['Truss', 2, [4, 5], 0.04523893421169304, 210000000.0, 80760000.0, 0.0014838370421435315, 0.00074191852107176575, 0.00074191852107176575, 1, 3.3929200658769778, 0.040715040790523738, 0.040715040790523738, [[0.0, 1.0, 0.0], [0.70710678118654746, 0.0, 0.70710678118654746], [0.70710678118654746, 0.0, -0.70710678118654746]], ['circular', 0.40000000000000002, 0.040000000000000001], 1, [255, 200, 0, 255]], ['Truss', 3, [6, 7], 0.04523893421169304, 210000000.0, 80760000.0, 0.0014838370421435315, 0.00074191852107176575, 0.00074191852107176575, 1, 3.3929200658769778, 0.040715040790523738, 0.040715040790523738, [[0.0, 1.0, 0.0], [0.70710678118654746, 0.0, 0.70710678118654746], [0.70710678118654746, 0.0, -0.70710678118654746]], ['circular', 0.40000000000000002, 0.040000000000000001], 1, [255, 200, 0, 255]]]
[[0, 1, 1, 1, 1, 1, 1], [0, 1, 1, 1, 1, 1, 1], [0, 1, 1, 1, 1, 1, 1], [1, 1, 1, 1, 1, 1, 1], [3, 1, 1, 1, 1, 1, 1], [2, 1, 1, 1, 1, 1, 1], [2, 1, 1, 1, 1, 1, 1], [2, 1, 1, 1, 1, 1, 1]]
[[0, [-20.0, 0.0, 0.0, 0.0, -0.0, 0.0], 'pointLoad'], [0, [-20.0, 0.0, 0.0, 0.0, -0.0, 0.0], 'pointLoad'], [2, [-20.0, 0.0, 0.0, 0.0, -0.0, 0.0], 'pointLoad'], [2, [-20.0, 0.0, 0.0, 0.0, -0.0, 0.0], 'pointLoad'], [0, [-20.0, 0.0, 0.0, 0.0, -0.0, 0.0], 'pointLoad']]
[[0, [15.556349186104047, 15.556349186104047, 15.556349186104047]], [0, [37.335238046649721, 37.335238046649721, 37.335238046649721]], [2, [59.114126907195384, 59.114126907195384, 59.114126907195384]], [2, [80.893015767741034, 80.893015767741034, 80.893015767741034]], [0, [102.67190462828673, 102.67190462828673, 102.67190462828673]], [0, [124.45079348883237, 124.45079348883237, 124.45079348883237]]]
[]
[['S255_uniaxialMaterial_Elastic', [1, [210000000.0, 80760000.0, 0.30014858841010406, '75', '25', 'Elastic']]]]
[]
[]
[]
